1535658431,s5,0.00,0.00,0.00,0,0,0.00,0.00,0.00,0,0,0.00,0.00,0,0
1535658431,s1,0.00,0.00,0.00,0,0,0.00,0.00,0.00,0,0,0.00,0.00,0,0
1535658431,eth0,0.00,0.00,0.00,0,0,0.00,0.00,0.00,0,0,0.00,0.00,0,0
1535658431,eth1,0.00,0.00,0.00,0,0,0.00,0.00,0.00,0,0,0.00,0.00,0,0
1535658431,s2,0.00,0.00,0.00,0,0,0.00,0.00,0.00,0,0,0.00,0.00,0,0
1535658431,s1-eth2,0.00,0.00,0.00,0,0,0.00,0.00,0.00,0,0,0.00,0.00,0,0
1535658431,s1-eth1,0.00,0.00,0.00,0,0,0.00,0.00,0.00,0,0,0.00,0.00,0,0
1535658431,s3,0.00,0.00,0.00,0,0,0.00,0.00,0.00,0,0,0.00,0.00,0,0
1535658431,lo,0.00,0.00,0.00,0,0,0.00,0.00,0.00,0,0,0.00,0.00,0,0
1535658431,s4,0.00,0.00,0.00,0,0,0.00,0.00,0.00,0,0,0.00,0.00,0,0
1535658431,total,0.00,0.00,0.00,0,0,0.00,0.00,0.00,0,0,0.00,0.00,0,0
1535658432,s5,0.00,0.00,0.00,0,0,0.00,0.00,0.00,0,0,0.00,0.00,0,0
1535658432,s1,160.00,340.00,500.00,340,160,2.00,4.00,6.00,4,2,0.00,0.00,0,0
1535658432,eth0,456.00,2031.00,2487.00,2031,456,6.00,6.00,12.00,6,6,0.00,0.00,0,0
1535658432,eth1,0.00,0.00,0.00,0,0,0.00,0.00,0.00,0,0,0.00,0.00,0,0
1535658432,s2,0.00,0.00,0.00,0,0,0.00,0.00,0.00,0,0,0.00,0.00,0,0
1535658432,s1-eth2,32332.00,1250654.00,1282986.00,1250654,32332,436.00,827.00,1263.00,827,436,0.00,0.00,0,0
1535658432,s1-eth1,1248036.00,31996.00,1280032.00,31996,1248036,830.00,432.00,1262.00,432,830,0.00,0.00,0,0
1535658432,s3,0.00,0.00,0.00,0,0,0.00,0.00,0.00,0,0,0.00,0.00,0,0
1535658432,lo,4007.00,4007.00,8014.00,4007,4007,30.00,30.00,60.00,30,30,0.00,0.00,0,0
1535658432,s4,0.00,0.00,0.00,0,0,0.00,0.00,0.00,0,0,0.00,0.00,0,0
1535658432,total,1284991.00,1289028.00,2574019.00,1289028,1284991,1304.00,1299.00,2603.00,1299,1304,0.00,0.00,0,0
1535658433,s5,0.00,0.00,0.00,0,0,0.00,0.00,0.00,0,0,0.00,0.00,0,0
1535658433,s1,90.00,0.00,90.00,0,90,1.00,0.00,1.00,0,1,0.00,0.00,0,0
1535658433,eth0,152.00,677.00,829.00,677,152,2.00,2.00,4.00,2,2,0.00,0.00,0,0
1535658433,eth1,0.00,0.00,0.00,0,0,0.00,0.00,0.00,0,0,0.00,0.00,0,0
1535658433,s2,0.00,0.00,0.00,0,0,0.00,0.00,0.00,0,0,0.00,0.00,0,0
1535658433,s1-eth2,32252.00,1244508.00,1276760.00,1244508,32252,432.00,822.00,1254.00,822,432,0.00,0.00,0,0
1535658433,s1-eth1,1246454.00,31746.00,1278200.00,31746,1246454,825.00,429.00,1254.00,429,825,0.00,0.00,0,0
1535658433,s3,0.00,0.00,0.00,0,0,0.00,0.00,0.00,0,0,0.00,0.00,0,0
1535658433,lo,1061.00,1061.00,2122.00,1061,1061,7.00,7.00,14.00,7,7,0.00,0.00,0,0
1535658433,s4,0.00,0.00,0.00,0,0,0.00,0.00,0.00,0,0,0.00,0.00,0,0
1535658433,total,1280009.00,1277992.00,2558001.00,1277992,1280009,1267.00,1260.00,2527.00,1260,1267,0.00,0.00,0,0
1535658434,s5,0.00,0.00,0.00,0,0,0.00,0.00,0.00,0,0,0.00,0.00,0,0
1535658434,s1,0.00,0.00,0.00,0,0,0.00,0.00,0.00,0,0,0.00,0.00,0,0
1535658434,eth0,0.00,0.00,0.00,0,0,0.00,0.00,0.00,0,0,0.00,0.00,0,0
1535658434,eth1,0.00,0.00,0.00,0,0,0.00,0.00,0.00,0,0,0.00,0.00,0,0
1535658434,s2,0.00,0.00,0.00,0,0,0.00,0.00,0.00,0,0,0.00,0.00,0,0
1535658434,s1-eth2,31894.00,1250564.00,1282458.00,1250564,31894,431.00,826.00,1257.00,826,431,0.00,0.00,0,0
1535658434,s1-eth1,1250564.00,31894.00,1282458.00,31894,1250564,826.00,431.00,1257.00,431,826,0.00,0.00,0,0
1535658434,s3,0.00,0.00,0.00,0,0,0.00,0.00,0.00,0,0,0.00,0.00,0,0
1535658434,lo,0.00,0.00,0.00,0,0,0.00,0.00,0.00,0,0,0.00,0.00,0,0
1535658434,s4,0.00,0.00,0.00,0,0,0.00,0.00,0.00,0,0,0.00,0.00,0,0
1535658434,total,1282458.00,1282458.00,2564916.00,1282458,1282458,1257.00,1257.00,2514.00,1257,1257,0.00,0.00,0,0
1535658435,s5,0.00,0.00,0.00,0,0,0.00,0.00,0.00,0,0,0.00,0.00,0,0
1535658435,s1,0.00,0.00,0.00,0,0,0.00,0.00,0.00,0,0,0.00,0.00,0,0
1535658435,eth0,60.00,60.00,120.00,60,60,1.00,1.00,2.00,1,1,0.00,0.00,0,0
1535658435,eth1,0.00,0.00,0.00,0,0,0.00,0.00,0.00,0,0,0.00,0.00,0,0
1535658435,s2,0.00,0.00,0.00,0,0,0.00,0.00,0.00,0,0,0.00,0.00,0,0
1535658435,s1-eth2,31672.00,1250564.00,1282236.00,1250564,31672,428.00,826.00,1254.00,826,428,0.00,0.00,0,0
1535658435,s1-eth1,1250564.00,31672.00,1282236.00,31672,1250564,826.00,428.00,1254.00,428,826,0.00,0.00,0,0
1535658435,s3,0.00,0.00,0.00,0,0,0.00,0.00,0.00,0,0,0.00,0.00,0,0
1535658435,lo,0.00,0.00,0.00,0,0,0.00,0.00,0.00,0,0,0.00,0.00,0,0
1535658435,s4,0.00,0.00,0.00,0,0,0.00,0.00,0.00,0,0,0.00,0.00,0,0
1535658435,total,1282296.00,1282296.00,2564592.00,1282296,1282296,1255.00,1255.00,2510.00,1255,1255,0.00,0.00,0,0
1535658436,s5,0.00,0.00,0.00,0,0,0.00,0.00,0.00,0,0,0.00,0.00,0,0
1535658436,s1,70.00,140.00,210.00,140,70,1.00,2.00,3.00,2,1,0.00,0.00,0,0
1535658436,eth0,0.00,0.00,0.00,0,0,0.00,0.00,0.00,0,0,0.00,0.00,0,0
1535658436,eth1,0.00,0.00,0.00,0,0,0.00,0.00,0.00,0,0,0.00,0.00,0,0
1535658436,s2,0.00,0.00,0.00,0,0,0.00,0.00,0.00,0,0,0.00,0.00,0,0
1535658436,s1-eth2,30772.00,1250634.00,1281406.00,1250634,30772,416.00,827.00,1243.00,827,416,0.00,0.00,0,0
1535658436,s1-eth1,1249260.00,30632.00,1279892.00,30632,1249260,828.00,414.00,1242.00,414,828,0.00,0.00,0,0
1535658436,s3,0.00,0.00,0.00,0,0,0.00,0.00,0.00,0,0,0.00,0.00,0,0
1535658436,lo,1492.00,1492.00,2984.00,1492,1492,21.00,21.00,42.00,21,21,0.00,0.00,0,0
1535658436,s4,0.00,0.00,0.00,0,0,0.00,0.00,0.00,0,0,0.00,0.00,0,0
1535658436,total,1281594.00,1282898.00,2564492.00,1282898,1281594,1266.00,1264.00,2530.00,1264,1266,0.00,0.00,0,0
1535658437,s5,0.00,0.00,0.00,0,0,0.00,0.00,0.00,0,0,0.00,0.00,0,0
1535658437,s1,0.00,0.00,0.00,0,0,0.00,0.00,0.00,0,0,0.00,0.00,0,0
1535658437,eth0,0.00,0.00,0.00,0,0,0.00,0.00,0.00,0,0,0.00,0.00,0,0
1535658437,eth1,0.00,0.00,0.00,0,0,0.00,0.00,0.00,0,0,0.00,0.00,0,0
1535658437,s2,0.00,0.00,0.00,0,0,0.00,0.00,0.00,0,0,0.00,0.00,0,0
1535658437,s1-eth2,30488.00,1246022.00,1276510.00,1246022,30488,412.00,823.00,1235.00,823,412,0.00,0.00,0,0
1535658437,s1-eth1,1247536.00,30488.00,1278024.00,30488,1247536,824.00,412.00,1236.00,412,824,0.00,0.00,0,0
1535658437,s3,0.00,0.00,0.00,0,0,0.00,0.00,0.00,0,0,0.00,0.00,0,0
1535658437,lo,0.00,0.00,0.00,0,0,0.00,0.00,0.00,0,0,0.00,0.00,0,0
1535658437,s4,0.00,0.00,0.00,0,0,0.00,0.00,0.00,0,0,0.00,0.00,0,0
1535658437,total,1278024.00,1276510.00,2554534.00,1276510,1278024,1236.00,1235.00,2471.00,1235,1236,0.00,0.00,0,0
1535658438,s5,0.00,0.00,0.00,0,0,0.00,0.00,0.00,0,0,0.00,0.00,0,0
1535658438,s1,0.00,0.00,0.00,0,0,0.00,0.00,0.00,0,0,0.00,0.00,0,0
1535658438,eth0,0.00,0.00,0.00,0,0,0.00,0.00,0.00,0,0,0.00,0.00,0,0
1535658438,eth1,0.00,0.00,0.00,0,0,0.00,0.00,0.00,0,0,0.00,0.00,0,0
1535658438,s2,0.00,0.00,0.00,0,0,0.00,0.00,0.00,0,0,0.00,0.00,0,0
1535658438,s1-eth2,30488.00,1250564.00,1281052.00,1250564,30488,412.00,826.00,1238.00,826,412,0.00,0.00,0,0
1535658438,s1-eth1,1250906.00,30562.00,1281468.00,30562,1250906,827.00,413.00,1240.00,413,827,0.00,0.00,0,0
1535658438,s3,0.00,0.00,0.00,0,0,0.00,0.00,0.00,0,0,0.00,0.00,0,0
1535658438,lo,0.00,0.00,0.00,0,0,0.00,0.00,0.00,0,0,0.00,0.00,0,0
1535658438,s4,0.00,0.00,0.00,0,0,0.00,0.00,0.00,0,0,0.00,0.00,0,0
1535658438,total,1281394.00,1281126.00,2562520.00,1281126,1281394,1239.00,1239.00,2478.00,1239,1239,0.00,0.00,0,0
1535658439,s5,0.00,0.00,0.00,0,0,0.00,0.00,0.00,0,0,0.00,0.00,0,0
1535658439,s1,0.00,0.00,0.00,0,0,0.00,0.00,0.00,0,0,0.00,0.00,0,0
1535658439,eth0,0.00,0.00,0.00,0,0,0.00,0.00,0.00,0,0,0.00,0.00,0,0
1535658439,eth1,0.00,0.00,0.00,0,0,0.00,0.00,0.00,0,0,0.00,0.00,0,0
1535658439,s2,0.00,0.00,0.00,0,0,0.00,0.00,0.00,0,0,0.00,0.00,0,0
1535658439,s1-eth2,30562.00,1250564.00,1281126.00,1250564,30562,413.00,826.00,1239.00,826,413,0.00,0.00,0,0
1535658439,s1-eth1,1250564.00,30562.00,1281126.00,30562,1250564,826.00,413.00,1239.00,413,826,0.00,0.00,0,0
1535658439,s3,0.00,0.00,0.00,0,0,0.00,0.00,0.00,0,0,0.00,0.00,0,0
1535658439,lo,0.00,0.00,0.00,0,0,0.00,0.00,0.00,0,0,0.00,0.00,0,0
1535658439,s4,0.00,0.00,0.00,0,0,0.00,0.00,0.00,0,0,0.00,0.00,0,0
1535658439,total,1281126.00,1281126.00,2562252.00,1281126,1281126,1239.00,1239.00,2478.00,1239,1239,0.00,0.00,0,0
1535658440,s5,0.00,0.00,0.00,0,0,0.00,0.00,0.00,0,0,0.00,0.00,0,0
1535658440,s1,70.00,140.00,210.00,140,70,1.00,2.00,3.00,2,1,0.00,0.00,0,0
1535658440,eth0,0.00,0.00,0.00,0,0,0.00,0.00,0.00,0,0,0.00,0.00,0,0
1535658440,eth1,0.00,0.00,0.00,0,0,0.00,0.00,0.00,0,0,0.00,0.00,0,0
1535658440,s2,0.00,0.00,0.00,0,0,0.00,0.00,0.00,0,0,0.00,0.00,0,0
1535658440,s1-eth2,31040.00,1247606.00,1278646.00,1247606,31040,416.00,825.00,1241.00,825,416,0.00,0.00,0,0
1535658440,s1-eth1,1247746.00,30558.00,1278304.00,30558,1247746,827.00,413.00,1240.00,413,827,0.00,0.00,0,0
1535658440,s3,0.00,0.00,0.00,0,0,0.00,0.00,0.00,0,0,0.00,0.00,0,0
1535658440,lo,804.00,804.00,1608.00,804,804,9.00,9.00,18.00,9,9,0.00,0.00,0,0
1535658440,s4,0.00,0.00,0.00,0,0,0.00,0.00,0.00,0,0,0.00,0.00,0,0
1535658440,total,1279660.00,1279108.00,2558768.00,1279108,1279660,1253.00,1249.00,2502.00,1249,1253,0.00,0.00,0,0
1535658441,s5,0.00,0.00,0.00,0,0,0.00,0.00,0.00,0,0,0.00,0.00,0,0
1535658441,s1,0.00,0.00,0.00,0,0,0.00,0.00,0.00,0,0,0.00,0.00,0,0
1535658441,eth0,0.00,0.00,0.00,0,0,0.00,0.00,0.00,0,0,0.00,0.00,0,0
1535658441,eth1,0.00,0.00,0.00,0,0,0.00,0.00,0.00,0,0,0.00,0.00,0,0
1535658441,s2,0.00,0.00,0.00,0,0,0.00,0.00,0.00,0,0,0.00,0.00,0,0
1535658441,s1-eth2,30562.00,1250564.00,1281126.00,1250564,30562,413.00,826.00,1239.00,826,413,0.00,0.00,0,0
1535658441,s1-eth1,1250564.00,30562.00,1281126.00,30562,1250564,826.00,413.00,1239.00,413,826,0.00,0.00,0,0
1535658441,s3,0.00,0.00,0.00,0,0,0.00,0.00,0.00,0,0,0.00,0.00,0,0
1535658441,lo,688.00,688.00,1376.00,688,688,12.00,12.00,24.00,12,12,0.00,0.00,0,0
1535658441,s4,0.00,0.00,0.00,0,0,0.00,0.00,0.00,0,0,0.00,0.00,0,0
1535658441,total,1281814.00,1281814.00,2563628.00,1281814,1281814,1251.00,1251.00,2502.00,1251,1251,0.00,0.00,0,0
1535658442,s5,0.00,0.00,0.00,0,0,0.00,0.00,0.00,0,0,0.00,0.00,0,0
1535658442,s1,0.00,0.00,0.00,0,0,0.00,0.00,0.00,0,0,0.00,0.00,0,0
1535658442,eth0,0.00,0.00,0.00,0,0,0.00,0.00,0.00,0,0,0.00,0.00,0,0
1535658442,eth1,0.00,0.00,0.00,0,0,0.00,0.00,0.00,0,0,0.00,0.00,0,0
1535658442,s2,0.00,0.00,0.00,0,0,0.00,0.00,0.00,0,0,0.00,0.00,0,0
1535658442,s1-eth2,30562.00,1250564.00,1281126.00,1250564,30562,413.00,826.00,1239.00,826,413,0.00,0.00,0,0
1535658442,s1-eth1,1250564.00,30562.00,1281126.00,30562,1250564,826.00,413.00,1239.00,413,826,0.00,0.00,0,0
1535658442,s3,0.00,0.00,0.00,0,0,0.00,0.00,0.00,0,0,0.00,0.00,0,0
1535658442,lo,0.00,0.00,0.00,0,0,0.00,0.00,0.00,0,0,0.00,0.00,0,0
1535658442,s4,0.00,0.00,0.00,0,0,0.00,0.00,0.00,0,0,0.00,0.00,0,0
1535658442,total,1281126.00,1281126.00,2562252.00,1281126,1281126,1239.00,1239.00,2478.00,1239,1239,0.00,0.00,0,0
1535658443,s5,0.00,0.00,0.00,0,0,0.00,0.00,0.00,0,0,0.00,0.00,0,0
1535658443,s1,0.00,0.00,0.00,0,0,0.00,0.00,0.00,0,0,0.00,0.00,0,0
1535658443,eth0,0.00,0.00,0.00,0,0,0.00,0.00,0.00,0,0,0.00,0.00,0,0
1535658443,eth1,0.00,0.00,0.00,0,0,0.00,0.00,0.00,0,0,0.00,0.00,0,0
1535658443,s2,0.00,0.00,0.00,0,0,0.00,0.00,0.00,0,0,0.00,0.00,0,0
1535658443,s1-eth2,30562.00,1250564.00,1281126.00,1250564,30562,413.00,826.00,1239.00,826,413,0.00,0.00,0,0
1535658443,s1-eth1,1249050.00,30562.00,1279612.00,30562,1249050,825.00,413.00,1238.00,413,825,0.00,0.00,0,0
1535658443,s3,0.00,0.00,0.00,0,0,0.00,0.00,0.00,0,0,0.00,0.00,0,0
1535658443,lo,0.00,0.00,0.00,0,0,0.00,0.00,0.00,0,0,0.00,0.00,0,0
1535658443,s4,0.00,0.00,0.00,0,0,0.00,0.00,0.00,0,0,0.00,0.00,0,0
1535658443,total,1279612.00,1281126.00,2560738.00,1281126,1279612,1238.00,1239.00,2477.00,1239,1238,0.00,0.00,0,0
1535658444,s5,0.00,0.00,0.00,0,0,0.00,0.00,0.00,0,0,0.00,0.00,0,0
1535658444,s1,0.00,0.00,0.00,0,0,0.00,0.00,0.00,0,0,0.00,0.00,0,0
1535658444,eth0,0.00,0.00,0.00,0,0,0.00,0.00,0.00,0,0,0.00,0.00,0,0
1535658444,eth1,0.00,0.00,0.00,0,0,0.00,0.00,0.00,0,0,0.00,0.00,0,0
1535658444,s2,0.00,0.00,0.00,0,0,0.00,0.00,0.00,0,0,0.00,0.00,0,0
1535658444,s1-eth2,30562.00,1249050.00,1279612.00,1249050,30562,413.00,825.00,1238.00,825,413,0.00,0.00,0,0
1535658444,s1-eth1,1250564.00,30488.00,1281052.00,30488,1250564,826.00,412.00,1238.00,412,826,0.00,0.00,0,0
1535658444,s3,0.00,0.00,0.00,0,0,0.00,0.00,0.00,0,0,0.00,0.00,0,0
1535658444,lo,0.00,0.00,0.00,0,0,0.00,0.00,0.00,0,0,0.00,0.00,0,0
1535658444,s4,0.00,0.00,0.00,0,0,0.00,0.00,0.00,0,0,0.00,0.00,0,0
1535658444,total,1281126.00,1279538.00,2560664.00,1279538,1281126,1239.00,1237.00,2476.00,1237,1239,0.00,0.00,0,0
1535658445,s5,0.00,0.00,0.00,0,0,0.00,0.00,0.00,0,0,0.00,0.00,0,0
1535658445,s1,0.00,0.00,0.00,0,0,0.00,0.00,0.00,0,0,0.00,0.00,0,0
1535658445,eth0,0.00,0.00,0.00,0,0,0.00,0.00,0.00,0,0,0.00,0.00,0,0
1535658445,eth1,0.00,0.00,0.00,0,0,0.00,0.00,0.00,0,0,0.00,0.00,0,0
1535658445,s2,0.00,0.00,0.00,0,0,0.00,0.00,0.00,0,0,0.00,0.00,0,0
1535658445,s1-eth2,30562.00,1250564.00,1281126.00,1250564,30562,413.00,826.00,1239.00,826,413,0.00,0.00,0,0
1535658445,s1-eth1,1250564.00,30562.00,1281126.00,30562,1250564,826.00,413.00,1239.00,413,826,0.00,0.00,0,0
1535658445,s3,0.00,0.00,0.00,0,0,0.00,0.00,0.00,0,0,0.00,0.00,0,0
1535658445,lo,172.00,172.00,344.00,172,172,3.00,3.00,6.00,3,3,0.00,0.00,0,0
1535658445,s4,0.00,0.00,0.00,0,0,0.00,0.00,0.00,0,0,0.00,0.00,0,0
1535658445,total,1281298.00,1281298.00,2562596.00,1281298,1281298,1242.00,1242.00,2484.00,1242,1242,0.00,0.00,0,0
1535658446,s5,0.00,0.00,0.00,0,0,0.00,0.00,0.00,0,0,0.00,0.00,0,0
1535658446,s1,0.00,0.00,0.00,0,0,0.00,0.00,0.00,0,0,0.00,0.00,0,0
1535658446,eth0,0.00,0.00,0.00,0,0,0.00,0.00,0.00,0,0,0.00,0.00,0,0
1535658446,eth1,0.00,0.00,0.00,0,0,0.00,0.00,0.00,0,0,0.00,0.00,0,0
1535658446,s2,0.00,0.00,0.00,0,0,0.00,0.00,0.00,0,0,0.00,0.00,0,0
1535658446,s1-eth2,30562.00,1250564.00,1281126.00,1250564,30562,413.00,826.00,1239.00,826,413,0.00,0.00,0,0
1535658446,s1-eth1,1250564.00,30562.00,1281126.00,30562,1250564,826.00,413.00,1239.00,413,826,0.00,0.00,0,0
1535658446,s3,0.00,0.00,0.00,0,0,0.00,0.00,0.00,0,0,0.00,0.00,0,0
1535658446,lo,688.00,688.00,1376.00,688,688,12.00,12.00,24.00,12,12,0.00,0.00,0,0
1535658446,s4,0.00,0.00,0.00,0,0,0.00,0.00,0.00,0,0,0.00,0.00,0,0
1535658446,total,1281814.00,1281814.00,2563628.00,1281814,1281814,1251.00,1251.00,2502.00,1251,1251,0.00,0.00,0,0
1535658447,s5,0.00,0.00,0.00,0,0,0.00,0.00,0.00,0,0,0.00,0.00,0,0
1535658447,s1,0.00,0.00,0.00,0,0,0.00,0.00,0.00,0,0,0.00,0.00,0,0
1535658447,eth0,0.00,0.00,0.00,0,0,0.00,0.00,0.00,0,0,0.00,0.00,0,0
1535658447,eth1,0.00,0.00,0.00,0,0,0.00,0.00,0.00,0,0,0.00,0.00,0,0
1535658447,s2,0.00,0.00,0.00,0,0,0.00,0.00,0.00,0,0,0.00,0.00,0,0
1535658447,s1-eth2,30562.00,1250564.00,1281126.00,1250564,30562,413.00,826.00,1239.00,826,413,0.00,0.00,0,0
1535658447,s1-eth1,1249392.00,30562.00,1279954.00,30562,1249392,826.00,413.00,1239.00,413,826,0.00,0.00,0,0
1535658447,s3,0.00,0.00,0.00,0,0,0.00,0.00,0.00,0,0,0.00,0.00,0,0
1535658447,lo,0.00,0.00,0.00,0,0,0.00,0.00,0.00,0,0,0.00,0.00,0,0
1535658447,s4,0.00,0.00,0.00,0,0,0.00,0.00,0.00,0,0,0.00,0.00,0,0
1535658447,total,1279954.00,1281126.00,2561080.00,1281126,1279954,1239.00,1239.00,2478.00,1239,1239,0.00,0.00,0,0
1535658448,s5,0.00,0.00,0.00,0,0,0.00,0.00,0.00,0,0,0.00,0.00,0,0
1535658448,s1,0.00,0.00,0.00,0,0,0.00,0.00,0.00,0,0,0.00,0.00,0,0
1535658448,eth0,0.00,0.00,0.00,0,0,0.00,0.00,0.00,0,0,0.00,0.00,0,0
1535658448,eth1,0.00,0.00,0.00,0,0,0.00,0.00,0.00,0,0,0.00,0.00,0,0
1535658448,s2,0.00,0.00,0.00,0,0,0.00,0.00,0.00,0,0,0.00,0.00,0,0
1535658448,s1-eth2,30238.00,1224826.00,1255064.00,1224826,30238,405.00,809.00,1214.00,809,405,0.00,0.00,0,0
1535658448,s1-eth1,1226340.00,29970.00,1256310.00,29970,1226340,810.00,405.00,1215.00,405,810,0.00,0.00,0,0
1535658448,s3,0.00,0.00,0.00,0,0,0.00,0.00,0.00,0,0,0.00,0.00,0,0
1535658448,lo,0.00,0.00,0.00,0,0,0.00,0.00,0.00,0,0,0.00,0.00,0,0
1535658448,s4,0.00,0.00,0.00,0,0,0.00,0.00,0.00,0,0,0.00,0.00,0,0
1535658448,total,1256578.00,1254796.00,2511374.00,1254796,1256578,1215.00,1214.00,2429.00,1214,1215,0.00,0.00,0,0
1535658449,s5,0.00,0.00,0.00,0,0,0.00,0.00,0.00,0,0,0.00,0.00,0,0
1535658449,s1,0.00,0.00,0.00,0,0,0.00,0.00,0.00,0,0,0.00,0.00,0,0
1535658449,eth0,0.00,0.00,0.00,0,0,0.00,0.00,0.00,0,0,0.00,0.00,0,0
1535658449,eth1,0.00,0.00,0.00,0,0,0.00,0.00,0.00,0,0,0.00,0.00,0,0
1535658449,s2,0.00,0.00,0.00,0,0,0.00,0.00,0.00,0,0,0.00,0.00,0,0
1535658449,s1-eth2,30562.00,1250564.00,1281126.00,1250564,30562,413.00,826.00,1239.00,826,413,0.00,0.00,0,0
1535658449,s1-eth1,1250564.00,30562.00,1281126.00,30562,1250564,826.00,413.00,1239.00,413,826,0.00,0.00,0,0
1535658449,s3,0.00,0.00,0.00,0,0,0.00,0.00,0.00,0,0,0.00,0.00,0,0
1535658449,lo,0.00,0.00,0.00,0,0,0.00,0.00,0.00,0,0,0.00,0.00,0,0
1535658449,s4,0.00,0.00,0.00,0,0,0.00,0.00,0.00,0,0,0.00,0.00,0,0
1535658449,total,1281126.00,1281126.00,2562252.00,1281126,1281126,1239.00,1239.00,2478.00,1239,1239,0.00,0.00,0,0
1535658450,s5,0.00,0.00,0.00,0,0,0.00,0.00,0.00,0,0,0.00,0.00,0,0
1535658450,s1,0.00,0.00,0.00,0,0,0.00,0.00,0.00,0,0,0.00,0.00,0,0
1535658450,eth0,0.00,0.00,0.00,0,0,0.00,0.00,0.00,0,0,0.00,0.00,0,0
1535658450,eth1,0.00,86.00,86.00,86,0,0.00,1.00,1.00,1,0,0.00,0.00,0,0
1535658450,s2,0.00,0.00,0.00,0,0,0.00,0.00,0.00,0,0,0.00,0.00,0,0
1535658450,s1-eth2,30562.00,1250564.00,1281126.00,1250564,30562,413.00,826.00,1239.00,826,413,0.00,0.00,0,0
1535658450,s1-eth1,1249050.00,30562.00,1279612.00,30562,1249050,825.00,413.00,1238.00,413,825,0.00,0.00,0,0
1535658450,s3,0.00,0.00,0.00,0,0,0.00,0.00,0.00,0,0,0.00,0.00,0,0
1535658450,lo,172.00,172.00,344.00,172,172,3.00,3.00,6.00,3,3,0.00,0.00,0,0
1535658450,s4,0.00,0.00,0.00,0,0,0.00,0.00,0.00,0,0,0.00,0.00,0,0
1535658450,total,1279784.00,1281384.00,2561168.00,1281384,1279784,1241.00,1243.00,2484.00,1243,1241,0.00,0.00,0,0
1535658451,s5,0.00,0.00,0.00,0,0,0.00,0.00,0.00,0,0,0.00,0.00,0,0
1535658451,s1,0.00,0.00,0.00,0,0,0.00,0.00,0.00,0,0,0.00,0.00,0,0
1535658451,eth0,0.00,0.00,0.00,0,0,0.00,0.00,0.00,0,0,0.00,0.00,0,0
1535658451,eth1,0.00,0.00,0.00,0,0,0.00,0.00,0.00,0,0,0.00,0.00,0,0
1535658451,s2,0.00,0.00,0.00,0,0,0.00,0.00,0.00,0,0,0.00,0.00,0,0
1535658451,s1-eth2,30562.00,1249050.00,1279612.00,1249050,30562,413.00,825.00,1238.00,825,413,0.00,0.00,0,0
1535658451,s1-eth1,1250564.00,30488.00,1281052.00,30488,1250564,826.00,412.00,1238.00,412,826,0.00,0.00,0,0
1535658451,s3,0.00,0.00,0.00,0,0,0.00,0.00,0.00,0,0,0.00,0.00,0,0
1535658451,lo,688.00,688.00,1376.00,688,688,12.00,12.00,24.00,12,12,0.00,0.00,0,0
1535658451,s4,0.00,0.00,0.00,0,0,0.00,0.00,0.00,0,0,0.00,0.00,0,0
1535658451,total,1281814.00,1280226.00,2562040.00,1280226,1281814,1251.00,1249.00,2500.00,1249,1251,0.00,0.00,0,0
1535658452,s5,0.00,0.00,0.00,0,0,0.00,0.00,0.00,0,0,0.00,0.00,0,0
1535658452,s1,0.00,0.00,0.00,0,0,0.00,0.00,0.00,0,0,0.00,0.00,0,0
1535658452,eth0,0.00,0.00,0.00,0,0,0.00,0.00,0.00,0,0,0.00,0.00,0,0
1535658452,eth1,0.00,0.00,0.00,0,0,0.00,0.00,0.00,0,0,0.00,0.00,0,0
1535658452,s2,0.00,0.00,0.00,0,0,0.00,0.00,0.00,0,0,0.00,0.00,0,0
1535658452,s1-eth2,30266.00,1235424.00,1265690.00,1235424,30266,409.00,816.00,1225.00,816,409,0.00,0.00,0,0
1535658452,s1-eth1,1235424.00,30266.00,1265690.00,30266,1235424,816.00,409.00,1225.00,409,816,0.00,0.00,0,0
1535658452,s3,0.00,0.00,0.00,0,0,0.00,0.00,0.00,0,0,0.00,0.00,0,0
1535658452,lo,0.00,0.00,0.00,0,0,0.00,0.00,0.00,0,0,0.00,0.00,0,0
1535658452,s4,0.00,0.00,0.00,0,0,0.00,0.00,0.00,0,0,0.00,0.00,0,0
1535658452,total,1265690.00,1265690.00,2531380.00,1265690,1265690,1225.00,1225.00,2450.00,1225,1225,0.00,0.00,0,0
1535658453,s5,0.00,0.00,0.00,0,0,0.00,0.00,0.00,0,0,0.00,0.00,0,0
1535658453,s1,0.00,0.00,0.00,0,0,0.00,0.00,0.00,0,0,0.00,0.00,0,0
1535658453,eth0,0.00,0.00,0.00,0,0,0.00,0.00,0.00,0,0,0.00,0.00,0,0
1535658453,eth1,0.00,0.00,0.00,0,0,0.00,0.00,0.00,0,0,0.00,0.00,0,0
1535658453,s2,0.00,0.00,0.00,0,0,0.00,0.00,0.00,0,0,0.00,0.00,0,0
1535658453,s1-eth2,30636.00,1250564.00,1281200.00,1250564,30636,414.00,826.00,1240.00,826,414,0.00,0.00,0,0
1535658453,s1-eth1,1250564.00,30636.00,1281200.00,30636,1250564,826.00,414.00,1240.00,414,826,0.00,0.00,0,0
1535658453,s3,0.00,0.00,0.00,0,0,0.00,0.00,0.00,0,0,0.00,0.00,0,0
1535658453,lo,0.00,0.00,0.00,0,0,0.00,0.00,0.00,0,0,0.00,0.00,0,0
1535658453,s4,0.00,0.00,0.00,0,0,0.00,0.00,0.00,0,0,0.00,0.00,0,0
1535658453,total,1281200.00,1281200.00,2562400.00,1281200,1281200,1240.00,1240.00,2480.00,1240,1240,0.00,0.00,0,0
1535658454,s5,0.00,0.00,0.00,0,0,0.00,0.00,0.00,0,0,0.00,0.00,0,0
1535658454,s1,0.00,0.00,0.00,0,0,0.00,0.00,0.00,0,0,0.00,0.00,0,0
1535658454,eth0,0.00,0.00,0.00,0,0,0.00,0.00,0.00,0,0,0.00,0.00,0,0
1535658454,eth1,0.00,0.00,0.00,0,0,0.00,0.00,0.00,0,0,0.00,0.00,0,0
1535658454,s2,0.00,0.00,0.00,0,0,0.00,0.00,0.00,0,0,0.00,0.00,0,0
1535658454,s1-eth2,30562.00,1250564.00,1281126.00,1250564,30562,413.00,826.00,1239.00,826,413,0.00,0.00,0,0
1535658454,s1-eth1,1250564.00,30562.00,1281126.00,30562,1250564,826.00,413.00,1239.00,413,826,0.00,0.00,0,0
1535658454,s3,0.00,0.00,0.00,0,0,0.00,0.00,0.00,0,0,0.00,0.00,0,0
1535658454,lo,0.00,0.00,0.00,0,0,0.00,0.00,0.00,0,0,0.00,0.00,0,0
1535658454,s4,0.00,0.00,0.00,0,0,0.00,0.00,0.00,0,0,0.00,0.00,0,0
1535658454,total,1281126.00,1281126.00,2562252.00,1281126,1281126,1239.00,1239.00,2478.00,1239,1239,0.00,0.00,0,0
1535658455,s5,0.00,0.00,0.00,0,0,0.00,0.00,0.00,0,0,0.00,0.00,0,0
1535658455,s1,0.00,0.00,0.00,0,0,0.00,0.00,0.00,0,0,0.00,0.00,0,0
1535658455,eth0,0.00,0.00,0.00,0,0,0.00,0.00,0.00,0,0,0.00,0.00,0,0
1535658455,eth1,0.00,0.00,0.00,0,0,0.00,0.00,0.00,0,0,0.00,0.00,0,0
1535658455,s2,0.00,0.00,0.00,0,0,0.00,0.00,0.00,0,0,0.00,0.00,0,0
1535658455,s1-eth2,30457.54,1247802.25,1278259.75,1249050,30488,411.59,824.18,1235.76,825,412,0.00,0.00,0,0
1535658455,s1-eth1,1247802.25,30457.54,1278259.75,30488,1249050,824.18,411.59,1235.76,412,825,0.00,0.00,0,0
1535658455,s3,0.00,0.00,0.00,0,0,0.00,0.00,0.00,0,0,0.00,0.00,0,0
1535658455,lo,171.83,171.83,343.66,172,172,3.00,3.00,5.99,3,3,0.00,0.00,0,0
1535658455,s4,0.00,0.00,0.00,0,0,0.00,0.00,0.00,0,0,0.00,0.00,0,0
1535658455,total,1278431.62,1278431.62,2556863.25,1279710,1279710,1238.76,1238.76,2477.52,1240,1240,0.00,0.00,0,0
1535658456,s5,0.00,0.00,0.00,0,0,0.00,0.00,0.00,0,0,0.00,0.00,0,0
1535658456,s1,0.00,0.00,0.00,0,0,0.00,0.00,0.00,0,0,0.00,0.00,0,0
1535658456,eth0,0.00,0.00,0.00,0,0,0.00,0.00,0.00,0,0,0.00,0.00,0,0
1535658456,eth1,0.00,0.00,0.00,0,0,0.00,0.00,0.00,0,0,0.00,0.00,0,0
1535658456,s2,0.00,0.00,0.00,0,0,0.00,0.00,0.00,0,0,0.00,0.00,0,0
1535658456,s1-eth2,30087.91,1231164.88,1261252.75,1232396,30118,406.59,813.19,1219.78,814,407,0.00,0.00,0,0
1535658456,s1-eth1,1229994.00,30161.84,1260155.88,30192,1231224,813.19,407.59,1220.78,408,814,0.00,0.00,0,0
1535658456,s3,0.00,0.00,0.00,0,0,0.00,0.00,0.00,0,0,0.00,0.00,0,0
1535658456,lo,688.00,688.00,1376.00,688,688,12.00,12.00,24.00,12,12,0.00,0.00,0,0
1535658456,s4,0.00,0.00,0.00,0,0,0.00,0.00,0.00,0,0,0.00,0.00,0,0
1535658456,total,1262030.00,1263276.00,2525306.00,1263276,1262030,1233.00,1234.00,2467.00,1234,1233,0.00,0.00,0,0
1535658457,s5,0.00,0.00,0.00,0,0,0.00,0.00,0.00,0,0,0.00,0.00,0,0
1535658457,s1,0.00,0.00,0.00,0,0,0.00,0.00,0.00,0,0,0.00,0.00,0,0
1535658457,eth0,0.00,0.00,0.00,0,0,0.00,0.00,0.00,0,0,0.00,0.00,0,0
1535658457,eth1,0.00,0.00,0.00,0,0,0.00,0.00,0.00,0,0,0.00,0.00,0,0
1535658457,s2,0.00,0.00,0.00,0,0,0.00,0.00,0.00,0,0,0.00,0.00,0,0
1535658457,s1-eth2,30562.00,1250564.00,1281126.00,1250564,30562,413.00,826.00,1239.00,826,413,0.00,0.00,0,0
1535658457,s1-eth1,1250564.00,30488.00,1281052.00,30488,1250564,826.00,412.00,1238.00,412,826,0.00,0.00,0,0
1535658457,s3,0.00,0.00,0.00,0,0,0.00,0.00,0.00,0,0,0.00,0.00,0,0
1535658457,lo,0.00,0.00,0.00,0,0,0.00,0.00,0.00,0,0,0.00,0.00,0,0
1535658457,s4,0.00,0.00,0.00,0,0,0.00,0.00,0.00,0,0,0.00,0.00,0,0
1535658457,total,1281126.00,1281052.00,2562178.00,1281052,1281126,1239.00,1238.00,2477.00,1238,1239,0.00,0.00,0,0
1535658458,s5,0.00,0.00,0.00,0,0,0.00,0.00,0.00,0,0,0.00,0.00,0,0
1535658458,s1,0.00,0.00,0.00,0,0,0.00,0.00,0.00,0,0,0.00,0.00,0,0
1535658458,eth0,0.00,0.00,0.00,0,0,0.00,0.00,0.00,0,0,0.00,0.00,0,0
1535658458,eth1,0.00,0.00,0.00,0,0,0.00,0.00,0.00,0,0,0.00,0.00,0,0
1535658458,s2,0.00,0.00,0.00,0,0,0.00,0.00,0.00,0,0,0.00,0.00,0,0
1535658458,s1-eth2,29894.53,1227771.12,1257665.62,1233910,30044,403.98,810.95,1214.93,815,406,0.00,0.00,0,0
1535658458,s1-eth1,1227771.12,29968.16,1257739.25,30118,1233910,810.95,404.98,1215.92,407,815,0.00,0.00,0,0
1535658458,s3,0.00,0.00,0.00,0,0,0.00,0.00,0.00,0,0,0.00,0.00,0,0
1535658458,lo,0.00,0.00,0.00,0,0,0.00,0.00,0.00,0,0,0.00,0.00,0,0
1535658458,s4,0.00,0.00,0.00,0,0,0.00,0.00,0.00,0,0,0.00,0.00,0,0
1535658458,total,1257665.62,1257739.25,2515405.00,1264028,1263954,1214.93,1215.92,2430.85,1222,1221,0.00,0.00,0,0
1535658459,s5,0.00,0.00,0.00,0,0,0.00,0.00,0.00,0,0,0.00,0.00,0,0
1535658459,s1,0.00,0.00,0.00,0,0,0.00,0.00,0.00,0,0,0.00,0.00,0,0
1535658459,eth0,0.00,0.00,0.00,0,0,0.00,0.00,0.00,0,0,0.00,0.00,0,0
1535658459,eth1,0.00,0.00,0.00,0,0,0.00,0.00,0.00,0,0,0.00,0.00,0,0
1535658459,s2,0.00,0.00,0.00,0,0,0.00,0.00,0.00,0,0,0.00,0.00,0,0
1535658459,s1-eth2,30872.00,1241522.00,1272394.00,1241522,30872,414.00,821.00,1235.00,821,414,0.00,0.00,0,0
1535658459,s1-eth1,1241522.00,30456.00,1271978.00,30456,1241522,821.00,412.00,1233.00,412,821,0.00,0.00,0,0
1535658459,s3,0.00,0.00,0.00,0,0,0.00,0.00,0.00,0,0,0.00,0.00,0,0
1535658459,lo,296.00,296.00,592.00,296,296,3.00,3.00,6.00,3,3,0.00,0.00,0,0
1535658459,s4,0.00,0.00,0.00,0,0,0.00,0.00,0.00,0,0,0.00,0.00,0,0
1535658459,total,1272690.00,1272274.00,2544964.00,1272274,1272690,1238.00,1236.00,2474.00,1236,1238,0.00,0.00,0,0
1535658460,s5,0.00,0.00,0.00,0,0,0.00,0.00,0.00,0,0,0.00,0.00,0,0
1535658460,s1,0.00,0.00,0.00,0,0,0.00,0.00,0.00,0,0,0.00,0.00,0,0
1535658460,eth0,0.00,0.00,0.00,0,0,0.00,0.00,0.00,0,0,0.00,0.00,0,0
1535658460,eth1,0.00,0.00,0.00,0,0,0.00,0.00,0.00,0,0,0.00,0.00,0,0
1535658460,s2,0.00,0.00,0.00,0,0,0.00,0.00,0.00,0,0,0.00,0.00,0,0
1535658460,s1-eth2,30488.00,1250564.00,1281052.00,1250564,30488,412.00,826.00,1238.00,826,412,0.00,0.00,0,0
1535658460,s1-eth1,1250564.00,30562.00,1281126.00,30562,1250564,826.00,413.00,1239.00,413,826,0.00,0.00,0,0
1535658460,s3,0.00,0.00,0.00,0,0,0.00,0.00,0.00,0,0,0.00,0.00,0,0
1535658460,lo,0.00,0.00,0.00,0,0,0.00,0.00,0.00,0,0,0.00,0.00,0,0
1535658460,s4,0.00,0.00,0.00,0,0,0.00,0.00,0.00,0,0,0.00,0.00,0,0
1535658460,total,1281052.00,1281126.00,2562178.00,1281126,1281052,1238.00,1239.00,2477.00,1239,1238,0.00,0.00,0,0
1535658461,s5,0.00,0.00,0.00,0,0,0.00,0.00,0.00,0,0,0.00,0.00,0,0
1535658461,s1,0.00,0.00,0.00,0,0,0.00,0.00,0.00,0,0,0.00,0.00,0,0
1535658461,eth0,0.00,0.00,0.00,0,0,0.00,0.00,0.00,0,0,0.00,0.00,0,0
1535658461,eth1,0.00,0.00,0.00,0,0,0.00,0.00,0.00,0,0,0.00,0.00,0,0
1535658461,s2,0.00,0.00,0.00,0,0,0.00,0.00,0.00,0,0,0.00,0.00,0,0
1535658461,s1-eth2,30562.00,1250564.00,1281126.00,1250564,30562,413.00,826.00,1239.00,826,413,0.00,0.00,0,0
1535658461,s1-eth1,1250564.00,30562.00,1281126.00,30562,1250564,826.00,413.00,1239.00,413,826,0.00,0.00,0,0
1535658461,s3,0.00,0.00,0.00,0,0,0.00,0.00,0.00,0,0,0.00,0.00,0,0
1535658461,lo,688.00,688.00,1376.00,688,688,12.00,12.00,24.00,12,12,0.00,0.00,0,0
1535658461,s4,0.00,0.00,0.00,0,0,0.00,0.00,0.00,0,0,0.00,0.00,0,0
1535658461,total,1281814.00,1281814.00,2563628.00,1281814,1281814,1251.00,1251.00,2502.00,1251,1251,0.00,0.00,0,0
1535658462,s5,0.00,0.00,0.00,0,0,0.00,0.00,0.00,0,0,0.00,0.00,0,0
1535658462,s1,0.00,0.00,0.00,0,0,0.00,0.00,0.00,0,0,0.00,0.00,0,0
1535658462,eth0,0.00,0.00,0.00,0,0,0.00,0.00,0.00,0,0,0.00,0.00,0,0
1535658462,eth1,0.00,0.00,0.00,0,0,0.00,0.00,0.00,0,0,0.00,0.00,0,0
1535658462,s2,0.00,0.00,0.00,0,0,0.00,0.00,0.00,0,0,0.00,0.00,0,0
1535658462,s1-eth2,30118.00,1232396.00,1262514.00,1232396,30118,407.00,814.00,1221.00,814,407,0.00,0.00,0,0
1535658462,s1-eth1,1232396.00,30118.00,1262514.00,30118,1232396,814.00,407.00,1221.00,407,814,0.00,0.00,0,0
1535658462,s3,0.00,0.00,0.00,0,0,0.00,0.00,0.00,0,0,0.00,0.00,0,0
1535658462,lo,0.00,0.00,0.00,0,0,0.00,0.00,0.00,0,0,0.00,0.00,0,0
1535658462,s4,0.00,0.00,0.00,0,0,0.00,0.00,0.00,0,0,0.00,0.00,0,0
1535658462,total,1262514.00,1262514.00,2525028.00,1262514,1262514,1221.00,1221.00,2442.00,1221,1221,0.00,0.00,0,0
1535658463,s5,0.00,0.00,0.00,0,0,0.00,0.00,0.00,0,0,0.00,0.00,0,0
1535658463,s1,0.00,0.00,0.00,0,0,0.00,0.00,0.00,0,0,0.00,0.00,0,0
1535658463,eth0,0.00,0.00,0.00,0,0,0.00,0.00,0.00,0,0,0.00,0.00,0,0
1535658463,eth1,0.00,0.00,0.00,0,0,0.00,0.00,0.00,0,0,0.00,0.00,0,0
1535658463,s2,0.00,0.00,0.00,0,0,0.00,0.00,0.00,0,0,0.00,0.00,0,0
1535658463,s1-eth2,30562.00,1250564.00,1281126.00,1250564,30562,413.00,826.00,1239.00,826,413,0.00,0.00,0,0
1535658463,s1-eth1,1250564.00,30562.00,1281126.00,30562,1250564,826.00,413.00,1239.00,413,826,0.00,0.00,0,0
1535658463,s3,0.00,0.00,0.00,0,0,0.00,0.00,0.00,0,0,0.00,0.00,0,0
1535658463,lo,0.00,0.00,0.00,0,0,0.00,0.00,0.00,0,0,0.00,0.00,0,0
1535658463,s4,0.00,0.00,0.00,0,0,0.00,0.00,0.00,0,0,0.00,0.00,0,0
1535658463,total,1281126.00,1281126.00,2562252.00,1281126,1281126,1239.00,1239.00,2478.00,1239,1239,0.00,0.00,0,0
1535658464,s5,0.00,0.00,0.00,0,0,0.00,0.00,0.00,0,0,0.00,0.00,0,0
1535658464,s1,0.00,0.00,0.00,0,0,0.00,0.00,0.00,0,0,0.00,0.00,0,0
1535658464,eth0,0.00,0.00,0.00,0,0,0.00,0.00,0.00,0,0,0.00,0.00,0,0
1535658464,eth1,0.00,0.00,0.00,0,0,0.00,0.00,0.00,0,0,0.00,0.00,0,0
1535658464,s2,0.00,0.00,0.00,0,0,0.00,0.00,0.00,0,0,0.00,0.00,0,0
1535658464,s1-eth2,30562.00,1250564.00,1281126.00,1250564,30562,413.00,826.00,1239.00,826,413,0.00,0.00,0,0
1535658464,s1-eth1,1250564.00,30562.00,1281126.00,30562,1250564,826.00,413.00,1239.00,413,826,0.00,0.00,0,0
1535658464,s3,0.00,0.00,0.00,0,0,0.00,0.00,0.00,0,0,0.00,0.00,0,0
1535658464,lo,172.00,172.00,344.00,172,172,3.00,3.00,6.00,3,3,0.00,0.00,0,0
1535658464,s4,0.00,0.00,0.00,0,0,0.00,0.00,0.00,0,0,0.00,0.00,0,0
1535658464,total,1281298.00,1281298.00,2562596.00,1281298,1281298,1242.00,1242.00,2484.00,1242,1242,0.00,0.00,0,0
1535658465,s5,0.00,0.00,0.00,0,0,0.00,0.00,0.00,0,0,0.00,0.00,0,0
1535658465,s1,0.00,0.00,0.00,0,0,0.00,0.00,0.00,0,0,0.00,0.00,0,0
1535658465,eth0,0.00,0.00,0.00,0,0,0.00,0.00,0.00,0,0,0.00,0.00,0,0
1535658465,eth1,0.00,0.00,0.00,0,0,0.00,0.00,0.00,0,0,0.00,0.00,0,0
1535658465,s2,0.00,0.00,0.00,0,0,0.00,0.00,0.00,0,0,0.00,0.00,0,0
1535658465,s1-eth2,30562.00,1250564.00,1281126.00,1250564,30562,413.00,826.00,1239.00,826,413,0.00,0.00,0,0
1535658465,s1-eth1,1250564.00,30562.00,1281126.00,30562,1250564,826.00,413.00,1239.00,413,826,0.00,0.00,0,0
1535658465,s3,0.00,0.00,0.00,0,0,0.00,0.00,0.00,0,0,0.00,0.00,0,0
1535658465,lo,0.00,0.00,0.00,0,0,0.00,0.00,0.00,0,0,0.00,0.00,0,0
1535658465,s4,0.00,0.00,0.00,0,0,0.00,0.00,0.00,0,0,0.00,0.00,0,0
1535658465,total,1281126.00,1281126.00,2562252.00,1281126,1281126,1239.00,1239.00,2478.00,1239,1239,0.00,0.00,0,0
1535658466,s5,0.00,0.00,0.00,0,0,0.00,0.00,0.00,0,0,0.00,0.00,0,0
1535658466,s1,0.00,0.00,0.00,0,0,0.00,0.00,0.00,0,0,0.00,0.00,0,0
1535658466,eth0,0.00,0.00,0.00,0,0,0.00,0.00,0.00,0,0,0.00,0.00,0,0
1535658466,eth1,0.00,0.00,0.00,0,0,0.00,0.00,0.00,0,0,0.00,0.00,0,0
1535658466,s2,0.00,0.00,0.00,0,0,0.00,0.00,0.00,0,0,0.00,0.00,0,0
1535658466,s1-eth2,30562.00,1250564.00,1281126.00,1250564,30562,413.00,826.00,1239.00,826,413,0.00,0.00,0,0
1535658466,s1-eth1,1250564.00,30562.00,1281126.00,30562,1250564,826.00,413.00,1239.00,413,826,0.00,0.00,0,0
1535658466,s3,0.00,0.00,0.00,0,0,0.00,0.00,0.00,0,0,0.00,0.00,0,0
1535658466,lo,688.00,688.00,1376.00,688,688,12.00,12.00,24.00,12,12,0.00,0.00,0,0
1535658466,s4,0.00,0.00,0.00,0,0,0.00,0.00,0.00,0,0,0.00,0.00,0,0
1535658466,total,1281814.00,1281814.00,2563628.00,1281814,1281814,1251.00,1251.00,2502.00,1251,1251,0.00,0.00,0,0
1535658467,s5,0.00,0.00,0.00,0,0,0.00,0.00,0.00,0,0,0.00,0.00,0,0
1535658467,s1,0.00,0.00,0.00,0,0,0.00,0.00,0.00,0,0,0.00,0.00,0,0
1535658467,eth0,0.00,0.00,0.00,0,0,0.00,0.00,0.00,0,0,0.00,0.00,0,0
1535658467,eth1,0.00,0.00,0.00,0,0,0.00,0.00,0.00,0,0,0.00,0.00,0,0
1535658467,s2,0.00,0.00,0.00,0,0,0.00,0.00,0.00,0,0,0.00,0.00,0,0
1535658467,s1-eth2,30562.00,1250564.00,1281126.00,1250564,30562,413.00,826.00,1239.00,826,413,0.00,0.00,0,0
1535658467,s1-eth1,1250564.00,30562.00,1281126.00,30562,1250564,826.00,413.00,1239.00,413,826,0.00,0.00,0,0
1535658467,s3,0.00,0.00,0.00,0,0,0.00,0.00,0.00,0,0,0.00,0.00,0,0
1535658467,lo,0.00,0.00,0.00,0,0,0.00,0.00,0.00,0,0,0.00,0.00,0,0
1535658467,s4,0.00,0.00,0.00,0,0,0.00,0.00,0.00,0,0,0.00,0.00,0,0
1535658467,total,1281126.00,1281126.00,2562252.00,1281126,1281126,1239.00,1239.00,2478.00,1239,1239,0.00,0.00,0,0
1535658468,s5,0.00,0.00,0.00,0,0,0.00,0.00,0.00,0,0,0.00,0.00,0,0
1535658468,s1,0.00,0.00,0.00,0,0,0.00,0.00,0.00,0,0,0.00,0.00,0,0
1535658468,eth0,0.00,0.00,0.00,0,0,0.00,0.00,0.00,0,0,0.00,0.00,0,0
1535658468,eth1,0.00,0.00,0.00,0,0,0.00,0.00,0.00,0,0,0.00,0.00,0,0
1535658468,s2,0.00,0.00,0.00,0,0,0.00,0.00,0.00,0,0,0.00,0.00,0,0
1535658468,s1-eth2,30488.00,1249050.00,1279538.00,1249050,30488,412.00,825.00,1237.00,825,412,0.00,0.00,0,0
1535658468,s1-eth1,1247878.00,30488.00,1278366.00,30488,1247878,825.00,412.00,1237.00,412,825,0.00,0.00,0,0
1535658468,s3,0.00,0.00,0.00,0,0,0.00,0.00,0.00,0,0,0.00,0.00,0,0
1535658468,lo,0.00,0.00,0.00,0,0,0.00,0.00,0.00,0,0,0.00,0.00,0,0
1535658468,s4,0.00,0.00,0.00,0,0,0.00,0.00,0.00,0,0,0.00,0.00,0,0
1535658468,total,1278366.00,1279538.00,2557904.00,1279538,1278366,1237.00,1237.00,2474.00,1237,1237,0.00,0.00,0,0
1535658469,s5,0.00,0.00,0.00,0,0,0.00,0.00,0.00,0,0,0.00,0.00,0,0
1535658469,s1,0.00,0.00,0.00,0,0,0.00,0.00,0.00,0,0,0.00,0.00,0,0
1535658469,eth0,0.00,0.00,0.00,0,0,0.00,0.00,0.00,0,0,0.00,0.00,0,0
1535658469,eth1,0.00,0.00,0.00,0,0,0.00,0.00,0.00,0,0,0.00,0.00,0,0
1535658469,s2,0.00,0.00,0.00,0,0,0.00,0.00,0.00,0,0,0.00,0.00,0,0
1535658469,s1-eth2,30562.00,1250564.00,1281126.00,1250564,30562,413.00,826.00,1239.00,826,413,0.00,0.00,0,0
1535658469,s1-eth1,1249050.00,30488.00,1279538.00,30488,1249050,825.00,412.00,1237.00,412,825,0.00,0.00,0,0
1535658469,s3,0.00,0.00,0.00,0,0,0.00,0.00,0.00,0,0,0.00,0.00,0,0
1535658469,lo,172.00,172.00,344.00,172,172,3.00,3.00,6.00,3,3,0.00,0.00,0,0
1535658469,s4,0.00,0.00,0.00,0,0,0.00,0.00,0.00,0,0,0.00,0.00,0,0
1535658469,total,1279784.00,1281224.00,2561008.00,1281224,1279784,1241.00,1241.00,2482.00,1241,1241,0.00,0.00,0,0
1535658470,s5,0.00,0.00,0.00,0,0,0.00,0.00,0.00,0,0,0.00,0.00,0,0
1535658470,s1,0.00,0.00,0.00,0,0,0.00,0.00,0.00,0,0,0.00,0.00,0,0
1535658470,eth0,0.00,0.00,0.00,0,0,0.00,0.00,0.00,0,0,0.00,0.00,0,0
1535658470,eth1,0.00,0.00,0.00,0,0,0.00,0.00,0.00,0,0,0.00,0.00,0,0
1535658470,s2,0.00,0.00,0.00,0,0,0.00,0.00,0.00,0,0,0.00,0.00,0,0
1535658470,s1-eth2,30904.00,1250564.00,1281468.00,1250564,30904,414.00,826.00,1240.00,826,414,0.00,0.00,0,0
1535658470,s1-eth1,1250564.00,30562.00,1281126.00,30562,1250564,826.00,413.00,1239.00,413,826,0.00,0.00,0,0
1535658470,s3,0.00,0.00,0.00,0,0,0.00,0.00,0.00,0,0,0.00,0.00,0,0
1535658470,lo,0.00,0.00,0.00,0,0,0.00,0.00,0.00,0,0,0.00,0.00,0,0
1535658470,s4,0.00,0.00,0.00,0,0,0.00,0.00,0.00,0,0,0.00,0.00,0,0
1535658470,total,1281468.00,1281126.00,2562594.00,1281126,1281468,1240.00,1239.00,2479.00,1239,1240,0.00,0.00,0,0
1535658471,s5,0.00,0.00,0.00,0,0,0.00,0.00,0.00,0,0,0.00,0.00,0,0
1535658471,s1,0.00,0.00,0.00,0,0,0.00,0.00,0.00,0,0,0.00,0.00,0,0
1535658471,eth0,0.00,0.00,0.00,0,0,0.00,0.00,0.00,0,0,0.00,0.00,0,0
1535658471,eth1,0.00,0.00,0.00,0,0,0.00,0.00,0.00,0,0,0.00,0.00,0,0
1535658471,s2,0.00,0.00,0.00,0,0,0.00,0.00,0.00,0,0,0.00,0.00,0,0
1535658471,s1-eth2,30414.00,1242994.00,1273408.00,1242994,30414,411.00,821.00,1232.00,821,411,0.00,0.00,0,0
1535658471,s1-eth1,1244508.00,30414.00,1274922.00,30414,1244508,822.00,411.00,1233.00,411,822,0.00,0.00,0,0
1535658471,s3,0.00,0.00,0.00,0,0,0.00,0.00,0.00,0,0,0.00,0.00,0,0
1535658471,lo,688.00,688.00,1376.00,688,688,12.00,12.00,24.00,12,12,0.00,0.00,0,0
1535658471,s4,0.00,0.00,0.00,0,0,0.00,0.00,0.00,0,0,0.00,0.00,0,0
1535658471,total,1275610.00,1274096.00,2549706.00,1274096,1275610,1245.00,1244.00,2489.00,1244,1245,0.00,0.00,0,0
1535658472,s5,0.00,0.00,0.00,0,0,0.00,0.00,0.00,0,0,0.00,0.00,0,0
1535658472,s1,0.00,0.00,0.00,0,0,0.00,0.00,0.00,0,0,0.00,0.00,0,0
1535658472,eth0,0.00,0.00,0.00,0,0,0.00,0.00,0.00,0,0,0.00,0.00,0,0
1535658472,eth1,0.00,0.00,0.00,0,0,0.00,0.00,0.00,0,0,0.00,0.00,0,0
1535658472,s2,0.00,0.00,0.00,0,0,0.00,0.00,0.00,0,0,0.00,0.00,0,0
1535658472,s1-eth2,30562.00,1250564.00,1281126.00,1250564,30562,413.00,826.00,1239.00,826,413,0.00,0.00,0,0
1535658472,s1-eth1,1250564.00,30562.00,1281126.00,30562,1250564,826.00,413.00,1239.00,413,826,0.00,0.00,0,0
1535658472,s3,0.00,0.00,0.00,0,0,0.00,0.00,0.00,0,0,0.00,0.00,0,0
1535658472,lo,0.00,0.00,0.00,0,0,0.00,0.00,0.00,0,0,0.00,0.00,0,0
1535658472,s4,0.00,0.00,0.00,0,0,0.00,0.00,0.00,0,0,0.00,0.00,0,0
1535658472,total,1281126.00,1281126.00,2562252.00,1281126,1281126,1239.00,1239.00,2478.00,1239,1239,0.00,0.00,0,0
1535658473,s5,0.00,0.00,0.00,0,0,0.00,0.00,0.00,0,0,0.00,0.00,0,0
1535658473,s1,0.00,0.00,0.00,0,0,0.00,0.00,0.00,0,0,0.00,0.00,0,0
1535658473,eth0,0.00,0.00,0.00,0,0,0.00,0.00,0.00,0,0,0.00,0.00,0,0
1535658473,eth1,0.00,0.00,0.00,0,0,0.00,0.00,0.00,0,0,0.00,0.00,0,0
1535658473,s2,0.00,0.00,0.00,0,0,0.00,0.00,0.00,0,0,0.00,0.00,0,0
1535658473,s1-eth2,30562.00,1250564.00,1281126.00,1250564,30562,413.00,826.00,1239.00,826,413,0.00,0.00,0,0
1535658473,s1-eth1,1250564.00,30562.00,1281126.00,30562,1250564,826.00,413.00,1239.00,413,826,0.00,0.00,0,0
1535658473,s3,0.00,0.00,0.00,0,0,0.00,0.00,0.00,0,0,0.00,0.00,0,0
1535658473,lo,0.00,0.00,0.00,0,0,0.00,0.00,0.00,0,0,0.00,0.00,0,0
1535658473,s4,0.00,0.00,0.00,0,0,0.00,0.00,0.00,0,0,0.00,0.00,0,0
1535658473,total,1281126.00,1281126.00,2562252.00,1281126,1281126,1239.00,1239.00,2478.00,1239,1239,0.00,0.00,0,0
1535658474,s5,0.00,0.00,0.00,0,0,0.00,0.00,0.00,0,0,0.00,0.00,0,0
1535658474,s1,0.00,0.00,0.00,0,0,0.00,0.00,0.00,0,0,0.00,0.00,0,0
1535658474,eth0,0.00,0.00,0.00,0,0,0.00,0.00,0.00,0,0,0.00,0.00,0,0
1535658474,eth1,0.00,0.00,0.00,0,0,0.00,0.00,0.00,0,0,0.00,0.00,0,0
1535658474,s2,0.00,0.00,0.00,0,0,0.00,0.00,0.00,0,0,0.00,0.00,0,0
1535658474,s1-eth2,30562.00,1250564.00,1281126.00,1250564,30562,413.00,826.00,1239.00,826,413,0.00,0.00,0,0
1535658474,s1-eth1,1250564.00,30562.00,1281126.00,30562,1250564,826.00,413.00,1239.00,413,826,0.00,0.00,0,0
1535658474,s3,0.00,0.00,0.00,0,0,0.00,0.00,0.00,0,0,0.00,0.00,0,0
1535658474,lo,172.00,172.00,344.00,172,172,3.00,3.00,6.00,3,3,0.00,0.00,0,0
1535658474,s4,0.00,0.00,0.00,0,0,0.00,0.00,0.00,0,0,0.00,0.00,0,0
1535658474,total,1281298.00,1281298.00,2562596.00,1281298,1281298,1242.00,1242.00,2484.00,1242,1242,0.00,0.00,0,0
1535658475,s5,0.00,0.00,0.00,0,0,0.00,0.00,0.00,0,0,0.00,0.00,0,0
1535658475,s1,0.00,0.00,0.00,0,0,0.00,0.00,0.00,0,0,0.00,0.00,0,0
1535658475,eth0,0.00,0.00,0.00,0,0,0.00,0.00,0.00,0,0,0.00,0.00,0,0
1535658475,eth1,0.00,0.00,0.00,0,0,0.00,0.00,0.00,0,0,0.00,0.00,0,0
1535658475,s2,0.00,0.00,0.00,0,0,0.00,0.00,0.00,0,0,0.00,0.00,0,0
1535658475,s1-eth2,30562.00,1250564.00,1281126.00,1250564,30562,413.00,826.00,1239.00,826,413,0.00,0.00,0,0
1535658475,s1-eth1,1250564.00,30562.00,1281126.00,30562,1250564,826.00,413.00,1239.00,413,826,0.00,0.00,0,0
1535658475,s3,0.00,0.00,0.00,0,0,0.00,0.00,0.00,0,0,0.00,0.00,0,0
1535658475,lo,0.00,0.00,0.00,0,0,0.00,0.00,0.00,0,0,0.00,0.00,0,0
1535658475,s4,0.00,0.00,0.00,0,0,0.00,0.00,0.00,0,0,0.00,0.00,0,0
1535658475,total,1281126.00,1281126.00,2562252.00,1281126,1281126,1239.00,1239.00,2478.00,1239,1239,0.00,0.00,0,0
1535658476,s5,0.00,0.00,0.00,0,0,0.00,0.00,0.00,0,0,0.00,0.00,0,0
1535658476,s1,0.00,0.00,0.00,0,0,0.00,0.00,0.00,0,0,0.00,0.00,0,0
1535658476,eth0,0.00,0.00,0.00,0,0,0.00,0.00,0.00,0,0,0.00,0.00,0,0
1535658476,eth1,0.00,0.00,0.00,0,0,0.00,0.00,0.00,0,0,0.00,0.00,0,0
1535658476,s2,0.00,0.00,0.00,0,0,0.00,0.00,0.00,0,0,0.00,0.00,0,0
1535658476,s1-eth2,30562.00,1250564.00,1281126.00,1250564,30562,413.00,826.00,1239.00,826,413,0.00,0.00,0,0
1535658476,s1-eth1,1250564.00,30562.00,1281126.00,30562,1250564,826.00,413.00,1239.00,413,826,0.00,0.00,0,0
1535658476,s3,0.00,0.00,0.00,0,0,0.00,0.00,0.00,0,0,0.00,0.00,0,0
1535658476,lo,688.00,688.00,1376.00,688,688,12.00,12.00,24.00,12,12,0.00,0.00,0,0
1535658476,s4,0.00,0.00,0.00,0,0,0.00,0.00,0.00,0,0,0.00,0.00,0,0
1535658476,total,1281814.00,1281814.00,2563628.00,1281814,1281814,1251.00,1251.00,2502.00,1251,1251,0.00,0.00,0,0
1535658477,s5,0.00,0.00,0.00,0,0,0.00,0.00,0.00,0,0,0.00,0.00,0,0
1535658477,s1,0.00,0.00,0.00,0,0,0.00,0.00,0.00,0,0,0.00,0.00,0,0
1535658477,eth0,0.00,0.00,0.00,0,0,0.00,0.00,0.00,0,0,0.00,0.00,0,0
1535658477,eth1,0.00,0.00,0.00,0,0,0.00,0.00,0.00,0,0,0.00,0.00,0,0
1535658477,s2,0.00,0.00,0.00,0,0,0.00,0.00,0.00,0,0,0.00,0.00,0,0
1535658477,s1-eth2,30562.00,1250564.00,1281126.00,1250564,30562,413.00,826.00,1239.00,826,413,0.00,0.00,0,0
1535658477,s1-eth1,1250564.00,30562.00,1281126.00,30562,1250564,826.00,413.00,1239.00,413,826,0.00,0.00,0,0
1535658477,s3,0.00,0.00,0.00,0,0,0.00,0.00,0.00,0,0,0.00,0.00,0,0
1535658477,lo,0.00,0.00,0.00,0,0,0.00,0.00,0.00,0,0,0.00,0.00,0,0
1535658477,s4,0.00,0.00,0.00,0,0,0.00,0.00,0.00,0,0,0.00,0.00,0,0
1535658477,total,1281126.00,1281126.00,2562252.00,1281126,1281126,1239.00,1239.00,2478.00,1239,1239,0.00,0.00,0,0
1535658478,s5,0.00,0.00,0.00,0,0,0.00,0.00,0.00,0,0,0.00,0.00,0,0
1535658478,s1,0.00,0.00,0.00,0,0,0.00,0.00,0.00,0,0,0.00,0.00,0,0
1535658478,eth0,0.00,0.00,0.00,0,0,0.00,0.00,0.00,0,0,0.00,0.00,0,0
1535658478,eth1,0.00,0.00,0.00,0,0,0.00,0.00,0.00,0,0,0.00,0.00,0,0
1535658478,s2,0.00,0.00,0.00,0,0,0.00,0.00,0.00,0,0,0.00,0.00,0,0
1535658478,s1-eth2,30562.00,1249050.00,1279612.00,1249050,30562,413.00,825.00,1238.00,825,413,0.00,0.00,0,0
1535658478,s1-eth1,1249050.00,30562.00,1279612.00,30562,1249050,825.00,413.00,1238.00,413,825,0.00,0.00,0,0
1535658478,s3,0.00,0.00,0.00,0,0,0.00,0.00,0.00,0,0,0.00,0.00,0,0
1535658478,lo,0.00,0.00,0.00,0,0,0.00,0.00,0.00,0,0,0.00,0.00,0,0
1535658478,s4,0.00,0.00,0.00,0,0,0.00,0.00,0.00,0,0,0.00,0.00,0,0
1535658478,total,1279612.00,1279612.00,2559224.00,1279612,1279612,1238.00,1238.00,2476.00,1238,1238,0.00,0.00,0,0
1535658479,s5,0.00,0.00,0.00,0,0,0.00,0.00,0.00,0,0,0.00,0.00,0,0
1535658479,s1,0.00,0.00,0.00,0,0,0.00,0.00,0.00,0,0,0.00,0.00,0,0
1535658479,eth0,1252.00,3248.00,4500.00,3248,1252,10.00,9.00,19.00,9,10,0.00,0.00,0,0
1535658479,eth1,0.00,0.00,0.00,0,0,0.00,0.00,0.00,0,0,0.00,0.00,0,0
1535658479,s2,0.00,0.00,0.00,0,0,0.00,0.00,0.00,0,0,0.00,0.00,0,0
1535658479,s1-eth2,31088.00,1250564.00,1281652.00,1250564,31088,416.00,826.00,1242.00,826,416,0.00,0.00,0,0
1535658479,s1-eth1,1251164.00,30562.00,1281726.00,30562,1251164,830.00,413.00,1243.00,413,830,0.00,0.00,0,0
1535658479,s3,0.00,0.00,0.00,0,0,0.00,0.00,0.00,0,0,0.00,0.00,0,0
1535658479,lo,3264.00,3264.00,6528.00,3264,3264,19.00,19.00,38.00,19,19,0.00,0.00,0,0
1535658479,s4,0.00,0.00,0.00,0,0,0.00,0.00,0.00,0,0,0.00,0.00,0,0
1535658479,total,1286768.00,1287638.00,2574406.00,1287638,1286768,1275.00,1267.00,2542.00,1267,1275,0.00,0.00,0,0
1535658480,s5,0.00,0.00,0.00,0,0,0.00,0.00,0.00,0,0,0.00,0.00,0,0
1535658480,s1,0.00,0.00,0.00,0,0,0.00,0.00,0.00,0,0,0.00,0.00,0,0
1535658480,eth0,456.00,2031.00,2487.00,2031,456,6.00,6.00,12.00,6,6,0.00,0.00,0,0
1535658480,eth1,0.00,86.00,86.00,86,0,0.00,1.00,1.00,1,0,0.00,0.00,0,0
1535658480,s2,0.00,0.00,0.00,0,0,0.00,0.00,0.00,0,0,0.00,0.00,0,0
1535658480,s1-eth2,30812.00,1250564.00,1281376.00,1250564,30812,416.00,826.00,1242.00,826,416,0.00,0.00,0,0
1535658480,s1-eth1,1250724.00,30562.00,1281286.00,30562,1250724,828.00,413.00,1241.00,413,828,0.00,0.00,0,0
1535658480,s3,0.00,0.00,0.00,0,0,0.00,0.00,0.00,0,0,0.00,0.00,0,0
1535658480,lo,2319.00,2319.00,4638.00,2319,2319,12.00,12.00,24.00,12,12,0.00,0.00,0,0
1535658480,s4,0.00,0.00,0.00,0,0,0.00,0.00,0.00,0,0,0.00,0.00,0,0
1535658480,total,1284311.00,1285562.00,2569873.00,1285562,1284311,1262.00,1258.00,2520.00,1258,1262,0.00,0.00,0,0
1535658481,s5,0.00,0.00,0.00,0,0,0.00,0.00,0.00,0,0,0.00,0.00,0,0
1535658481,s1,0.00,0.00,0.00,0,0,0.00,0.00,0.00,0,0,0.00,0.00,0,0
1535658481,eth0,152.00,677.00,829.00,677,152,2.00,2.00,4.00,2,2,0.00,0.00,0,0
1535658481,eth1,0.00,0.00,0.00,0,0,0.00,0.00,0.00,0,0,0.00,0.00,0,0
1535658481,s2,0.00,0.00,0.00,0,0,0.00,0.00,0.00,0,0,0.00,0.00,0,0
1535658481,s1-eth2,30562.00,1250564.00,1281126.00,1250564,30562,413.00,826.00,1239.00,826,413,0.00,0.00,0,0
1535658481,s1-eth1,1250654.00,30562.00,1281216.00,30562,1250654,827.00,413.00,1240.00,413,827,0.00,0.00,0,0
1535658481,s3,0.00,0.00,0.00,0,0,0.00,0.00,0.00,0,0,0.00,0.00,0,0
1535658481,lo,1461.00,1461.00,2922.00,1461,1461,16.00,16.00,32.00,16,16,0.00,0.00,0,0
1535658481,s4,0.00,0.00,0.00,0,0,0.00,0.00,0.00,0,0,0.00,0.00,0,0
1535658481,total,1282829.00,1283264.00,2566093.00,1283264,1282829,1258.00,1257.00,2515.00,1257,1258,0.00,0.00,0,0
1535658482,s5,0.00,0.00,0.00,0,0,0.00,0.00,0.00,0,0,0.00,0.00,0,0
1535658482,s1,0.00,0.00,0.00,0,0,0.00,0.00,0.00,0,0,0.00,0.00,0,0
1535658482,eth0,0.00,0.00,0.00,0,0,0.00,0.00,0.00,0,0,0.00,0.00,0,0
1535658482,eth1,0.00,0.00,0.00,0,0,0.00,0.00,0.00,0,0,0.00,0.00,0,0
1535658482,s2,0.00,0.00,0.00,0,0,0.00,0.00,0.00,0,0,0.00,0.00,0,0
1535658482,s1-eth2,30904.00,1250564.00,1281468.00,1250564,30904,414.00,826.00,1240.00,826,414,0.00,0.00,0,0
1535658482,s1-eth1,1249392.00,30488.00,1279880.00,30488,1249392,826.00,412.00,1238.00,412,826,0.00,0.00,0,0
1535658482,s3,0.00,0.00,0.00,0,0,0.00,0.00,0.00,0,0,0.00,0.00,0,0
1535658482,lo,0.00,0.00,0.00,0,0,0.00,0.00,0.00,0,0,0.00,0.00,0,0
1535658482,s4,0.00,0.00,0.00,0,0,0.00,0.00,0.00,0,0,0.00,0.00,0,0
1535658482,total,1280296.00,1281052.00,2561348.00,1281052,1280296,1240.00,1238.00,2478.00,1238,1240,0.00,0.00,0,0
1535658483,s5,0.00,0.00,0.00,0,0,0.00,0.00,0.00,0,0,0.00,0.00,0,0
1535658483,s1,0.00,0.00,0.00,0,0,0.00,0.00,0.00,0,0,0.00,0.00,0,0
1535658483,eth0,0.00,0.00,0.00,0,0,0.00,0.00,0.00,0,0,0.00,0.00,0,0
1535658483,eth1,0.00,0.00,0.00,0,0,0.00,0.00,0.00,0,0,0.00,0.00,0,0
1535658483,s2,0.00,0.00,0.00,0,0,0.00,0.00,0.00,0,0,0.00,0.00,0,0
1535658483,s1-eth2,30562.00,1250564.00,1281126.00,1250564,30562,413.00,826.00,1239.00,826,413,0.00,0.00,0,0
1535658483,s1-eth1,1250564.00,30562.00,1281126.00,30562,1250564,826.00,413.00,1239.00,413,826,0.00,0.00,0,0
1535658483,s3,0.00,0.00,0.00,0,0,0.00,0.00,0.00,0,0,0.00,0.00,0,0
1535658483,lo,0.00,0.00,0.00,0,0,0.00,0.00,0.00,0,0,0.00,0.00,0,0
1535658483,s4,0.00,0.00,0.00,0,0,0.00,0.00,0.00,0,0,0.00,0.00,0,0
1535658483,total,1281126.00,1281126.00,2562252.00,1281126,1281126,1239.00,1239.00,2478.00,1239,1239,0.00,0.00,0,0
1535658484,s5,0.00,0.00,0.00,0,0,0.00,0.00,0.00,0,0,0.00,0.00,0,0
1535658484,s1,0.00,0.00,0.00,0,0,0.00,0.00,0.00,0,0,0.00,0.00,0,0
1535658484,eth0,60.00,60.00,120.00,60,60,1.00,1.00,2.00,1,1,0.00,0.00,0,0
1535658484,eth1,0.00,0.00,0.00,0,0,0.00,0.00,0.00,0,0,0.00,0.00,0,0
1535658484,s2,0.00,0.00,0.00,0,0,0.00,0.00,0.00,0,0,0.00,0.00,0,0
1535658484,s1-eth2,30632.00,1250564.00,1281196.00,1250564,30632,414.00,826.00,1240.00,826,414,0.00,0.00,0,0
1535658484,s1-eth1,1250634.00,30562.00,1281196.00,30562,1250634,827.00,413.00,1240.00,413,827,0.00,0.00,0,0
1535658484,s3,0.00,0.00,0.00,0,0,0.00,0.00,0.00,0,0,0.00,0.00,0,0
1535658484,lo,172.00,172.00,344.00,172,172,3.00,3.00,6.00,3,3,0.00,0.00,0,0
1535658484,s4,0.00,0.00,0.00,0,0,0.00,0.00,0.00,0,0,0.00,0.00,0,0
1535658484,total,1281498.00,1281358.00,2562856.00,1281358,1281498,1245.00,1243.00,2488.00,1243,1245,0.00,0.00,0,0
1535658485,s5,0.00,0.00,0.00,0,0,0.00,0.00,0.00,0,0,0.00,0.00,0,0
1535658485,s1,0.00,0.00,0.00,0,0,0.00,0.00,0.00,0,0,0.00,0.00,0,0
1535658485,eth0,0.00,0.00,0.00,0,0,0.00,0.00,0.00,0,0,0.00,0.00,0,0
1535658485,eth1,0.00,0.00,0.00,0,0,0.00,0.00,0.00,0,0,0.00,0.00,0,0
1535658485,s2,0.00,0.00,0.00,0,0,0.00,0.00,0.00,0,0,0.00,0.00,0,0
1535658485,s1-eth2,30562.00,1250564.00,1281126.00,1250564,30562,413.00,826.00,1239.00,826,413,0.00,0.00,0,0
1535658485,s1-eth1,1250564.00,30562.00,1281126.00,30562,1250564,826.00,413.00,1239.00,413,826,0.00,0.00,0,0
1535658485,s3,0.00,0.00,0.00,0,0,0.00,0.00,0.00,0,0,0.00,0.00,0,0
1535658485,lo,0.00,0.00,0.00,0,0,0.00,0.00,0.00,0,0,0.00,0.00,0,0
1535658485,s4,0.00,0.00,0.00,0,0,0.00,0.00,0.00,0,0,0.00,0.00,0,0
1535658485,total,1281126.00,1281126.00,2562252.00,1281126,1281126,1239.00,1239.00,2478.00,1239,1239,0.00,0.00,0,0
1535658486,s5,0.00,0.00,0.00,0,0,0.00,0.00,0.00,0,0,0.00,0.00,0,0
1535658486,s1,0.00,0.00,0.00,0,0,0.00,0.00,0.00,0,0,0.00,0.00,0,0
1535658486,eth0,0.00,0.00,0.00,0,0,0.00,0.00,0.00,0,0,0.00,0.00,0,0
1535658486,eth1,0.00,0.00,0.00,0,0,0.00,0.00,0.00,0,0,0.00,0.00,0,0
1535658486,s2,0.00,0.00,0.00,0,0,0.00,0.00,0.00,0,0,0.00,0.00,0,0
1535658486,s1-eth2,30340.00,1241480.00,1271820.00,1241480,30340,410.00,820.00,1230.00,820,410,0.00,0.00,0,0
1535658486,s1-eth1,1241480.00,30340.00,1271820.00,30340,1241480,820.00,410.00,1230.00,410,820,0.00,0.00,0,0
1535658486,s3,0.00,0.00,0.00,0,0,0.00,0.00,0.00,0,0,0.00,0.00,0,0
1535658486,lo,688.00,688.00,1376.00,688,688,12.00,12.00,24.00,12,12,0.00,0.00,0,0
1535658486,s4,0.00,0.00,0.00,0,0,0.00,0.00,0.00,0,0,0.00,0.00,0,0
1535658486,total,1272508.00,1272508.00,2545016.00,1272508,1272508,1242.00,1242.00,2484.00,1242,1242,0.00,0.00,0,0
1535658487,s5,0.00,0.00,0.00,0,0,0.00,0.00,0.00,0,0,0.00,0.00,0,0
1535658487,s1,0.00,0.00,0.00,0,0,0.00,0.00,0.00,0,0,0.00,0.00,0,0
1535658487,eth0,0.00,0.00,0.00,0,0,0.00,0.00,0.00,0,0,0.00,0.00,0,0
1535658487,eth1,0.00,0.00,0.00,0,0,0.00,0.00,0.00,0,0,0.00,0.00,0,0
1535658487,s2,0.00,0.00,0.00,0,0,0.00,0.00,0.00,0,0,0.00,0.00,0,0
1535658487,s1-eth2,30946.00,1250606.00,1281552.00,1250606,30946,415.00,827.00,1242.00,827,415,0.00,0.00,0,0
1535658487,s1-eth1,1250948.00,30604.00,1281552.00,30604,1250948,828.00,414.00,1242.00,414,828,0.00,0.00,0,0
1535658487,s3,0.00,0.00,0.00,0,0,0.00,0.00,0.00,0,0,0.00,0.00,0,0
1535658487,lo,0.00,0.00,0.00,0,0,0.00,0.00,0.00,0,0,0.00,0.00,0,0
1535658487,s4,0.00,0.00,0.00,0,0,0.00,0.00,0.00,0,0,0.00,0.00,0,0
1535658487,total,1281894.00,1281210.00,2563104.00,1281210,1281894,1243.00,1241.00,2484.00,1241,1243,0.00,0.00,0,0
1535658488,s5,0.00,0.00,0.00,0,0,0.00,0.00,0.00,0,0,0.00,0.00,0,0
1535658488,s1,0.00,0.00,0.00,0,0,0.00,0.00,0.00,0,0,0.00,0.00,0,0
1535658488,eth0,0.00,0.00,0.00,0,0,0.00,0.00,0.00,0,0,0.00,0.00,0,0
1535658488,eth1,0.00,0.00,0.00,0,0,0.00,0.00,0.00,0,0,0.00,0.00,0,0
1535658488,s2,0.00,0.00,0.00,0,0,0.00,0.00,0.00,0,0,0.00,0.00,0,0
1535658488,s1-eth2,30632.00,1250564.00,1281196.00,1250564,30632,414.00,826.00,1240.00,826,414,0.00,0.00,0,0
1535658488,s1-eth1,1250634.00,30562.00,1281196.00,30562,1250634,827.00,413.00,1240.00,413,827,0.00,0.00,0,0
1535658488,s3,0.00,0.00,0.00,0,0,0.00,0.00,0.00,0,0,0.00,0.00,0,0
1535658488,lo,60.00,60.00,120.00,60,60,1.00,1.00,2.00,1,1,0.00,0.00,0,0
1535658488,s4,0.00,0.00,0.00,0,0,0.00,0.00,0.00,0,0,0.00,0.00,0,0
1535658488,total,1281326.00,1281186.00,2562512.00,1281186,1281326,1242.00,1240.00,2482.00,1240,1242,0.00,0.00,0,0
1535658489,s5,0.00,0.00,0.00,0,0,0.00,0.00,0.00,0,0,0.00,0.00,0,0
1535658489,s1,0.00,0.00,0.00,0,0,0.00,0.00,0.00,0,0,0.00,0.00,0,0
1535658489,eth0,0.00,0.00,0.00,0,0,0.00,0.00,0.00,0,0,0.00,0.00,0,0
1535658489,eth1,0.00,0.00,0.00,0,0,0.00,0.00,0.00,0,0,0.00,0.00,0,0
1535658489,s2,0.00,0.00,0.00,0,0,0.00,0.00,0.00,0,0,0.00,0.00,0,0
1535658489,s1-eth2,30562.00,1250564.00,1281126.00,1250564,30562,413.00,826.00,1239.00,826,413,0.00,0.00,0,0
1535658489,s1-eth1,1250564.00,30562.00,1281126.00,30562,1250564,826.00,413.00,1239.00,413,826,0.00,0.00,0,0
1535658489,s3,0.00,0.00,0.00,0,0,0.00,0.00,0.00,0,0,0.00,0.00,0,0
1535658489,lo,112.00,112.00,224.00,112,112,2.00,2.00,4.00,2,2,0.00,0.00,0,0
1535658489,s4,0.00,0.00,0.00,0,0,0.00,0.00,0.00,0,0,0.00,0.00,0,0
1535658489,total,1281238.00,1281238.00,2562476.00,1281238,1281238,1241.00,1241.00,2482.00,1241,1241,0.00,0.00,0,0
1535658490,s5,0.00,0.00,0.00,0,0,0.00,0.00,0.00,0,0,0.00,0.00,0,0
1535658490,s1,0.00,0.00,0.00,0,0,0.00,0.00,0.00,0,0,0.00,0.00,0,0
1535658490,eth0,0.00,0.00,0.00,0,0,0.00,0.00,0.00,0,0,0.00,0.00,0,0
1535658490,eth1,0.00,0.00,0.00,0,0,0.00,0.00,0.00,0,0,0.00,0.00,0,0
1535658490,s2,0.00,0.00,0.00,0,0,0.00,0.00,0.00,0,0,0.00,0.00,0,0
1535658490,s1-eth2,30562.00,1250564.00,1281126.00,1250564,30562,413.00,826.00,1239.00,826,413,0.00,0.00,0,0
1535658490,s1-eth1,1250564.00,30562.00,1281126.00,30562,1250564,826.00,413.00,1239.00,413,826,0.00,0.00,0,0
1535658490,s3,0.00,0.00,0.00,0,0,0.00,0.00,0.00,0,0,0.00,0.00,0,0
1535658490,lo,352.00,352.00,704.00,352,352,6.00,6.00,12.00,6,6,0.00,0.00,0,0
1535658490,s4,0.00,0.00,0.00,0,0,0.00,0.00,0.00,0,0,0.00,0.00,0,0
1535658490,total,1281478.00,1281478.00,2562956.00,1281478,1281478,1245.00,1245.00,2490.00,1245,1245,0.00,0.00,0,0
1535658491,s5,0.00,0.00,0.00,0,0,0.00,0.00,0.00,0,0,0.00,0.00,0,0
1535658491,s1,0.00,0.00,0.00,0,0,0.00,0.00,0.00,0,0,0.00,0.00,0,0
1535658491,eth0,0.00,0.00,0.00,0,0,0.00,0.00,0.00,0,0,0.00,0.00,0,0
1535658491,eth1,0.00,0.00,0.00,0,0,0.00,0.00,0.00,0,0,0.00,0.00,0,0
1535658491,s2,0.00,0.00,0.00,0,0,0.00,0.00,0.00,0,0,0.00,0.00,0,0
1535658491,s1-eth2,18808.00,751524.00,770332.00,751524,18808,254.00,500.00,754.00,500,254,0.00,0.00,0,0
1535658491,s1-eth1,759094.00,18808.00,777902.00,18808,759094,505.00,254.00,759.00,254,505,0.00,0.00,0,0
1535658491,s3,0.00,0.00,0.00,0,0,0.00,0.00,0.00,0,0,0.00,0.00,0,0
1535658491,lo,336.00,336.00,672.00,336,336,6.00,6.00,12.00,6,6,0.00,0.00,0,0
1535658491,s4,0.00,0.00,0.00,0,0,0.00,0.00,0.00,0,0,0.00,0.00,0,0
1535658491,total,778238.00,770668.00,1548906.00,770668,778238,765.00,760.00,1525.00,760,765,0.00,0.00,0,0
1535658492,s5,0.00,0.00,0.00,0,0,0.00,0.00,0.00,0,0,0.00,0.00,0,0
1535658492,s1,0.00,0.00,0.00,0,0,0.00,0.00,0.00,0,0,0.00,0.00,0,0
1535658492,eth0,0.00,0.00,0.00,0,0,0.00,0.00,0.00,0,0,0.00,0.00,0,0
1535658492,eth1,0.00,0.00,0.00,0,0,0.00,0.00,0.00,0,0,0.00,0.00,0,0
1535658492,s2,0.00,0.00,0.00,0,0,0.00,0.00,0.00,0,0,0.00,0.00,0,0
1535658492,s1-eth2,0.00,0.00,0.00,0,0,0.00,0.00,0.00,0,0,0.00,0.00,0,0
1535658492,s1-eth1,0.00,0.00,0.00,0,0,0.00,0.00,0.00,0,0,0.00,0.00,0,0
1535658492,s3,0.00,0.00,0.00,0,0,0.00,0.00,0.00,0,0,0.00,0.00,0,0
1535658492,lo,0.00,0.00,0.00,0,0,0.00,0.00,0.00,0,0,0.00,0.00,0,0
1535658492,s4,0.00,0.00,0.00,0,0,0.00,0.00,0.00,0,0,0.00,0.00,0,0
1535658492,total,0.00,0.00,0.00,0,0,0.00,0.00,0.00,0,0,0.00,0.00,0,0
1535658493,s5,0.00,0.00,0.00,0,0,0.00,0.00,0.00,0,0,0.00,0.00,0,0
1535658493,s1,0.00,0.00,0.00,0,0,0.00,0.00,0.00,0,0,0.00,0.00,0,0
1535658493,eth0,0.00,0.00,0.00,0,0,0.00,0.00,0.00,0,0,0.00,0.00,0,0
1535658493,eth1,0.00,0.00,0.00,0,0,0.00,0.00,0.00,0,0,0.00,0.00,0,0
1535658493,s2,0.00,0.00,0.00,0,0,0.00,0.00,0.00,0,0,0.00,0.00,0,0
1535658493,s1-eth2,0.00,0.00,0.00,0,0,0.00,0.00,0.00,0,0,0.00,0.00,0,0
1535658493,s1-eth1,0.00,0.00,0.00,0,0,0.00,0.00,0.00,0,0,0.00,0.00,0,0
1535658493,s3,0.00,0.00,0.00,0,0,0.00,0.00,0.00,0,0,0.00,0.00,0,0
1535658493,lo,172.00,172.00,344.00,172,172,3.00,3.00,6.00,3,3,0.00,0.00,0,0
1535658493,s4,0.00,0.00,0.00,0,0,0.00,0.00,0.00,0,0,0.00,0.00,0,0
1535658493,total,172.00,172.00,344.00,172,172,3.00,3.00,6.00,3,3,0.00,0.00,0,0
1535658494,s5,0.00,0.00,0.00,0,0,0.00,0.00,0.00,0,0,0.00,0.00,0,0
1535658494,s1,0.00,0.00,0.00,0,0,0.00,0.00,0.00,0,0,0.00,0.00,0,0
1535658494,eth0,0.00,0.00,0.00,0,0,0.00,0.00,0.00,0,0,0.00,0.00,0,0
1535658494,eth1,0.00,0.00,0.00,0,0,0.00,0.00,0.00,0,0,0.00,0.00,0,0
1535658494,s2,0.00,0.00,0.00,0,0,0.00,0.00,0.00,0,0,0.00,0.00,0,0
1535658494,s1-eth2,0.00,0.00,0.00,0,0,0.00,0.00,0.00,0,0,0.00,0.00,0,0
1535658494,s1-eth1,0.00,0.00,0.00,0,0,0.00,0.00,0.00,0,0,0.00,0.00,0,0
1535658494,s3,0.00,0.00,0.00,0,0,0.00,0.00,0.00,0,0,0.00,0.00,0,0
1535658494,lo,0.00,0.00,0.00,0,0,0.00,0.00,0.00,0,0,0.00,0.00,0,0
1535658494,s4,0.00,0.00,0.00,0,0,0.00,0.00,0.00,0,0,0.00,0.00,0,0
1535658494,total,0.00,0.00,0.00,0,0,0.00,0.00,0.00,0,0,0.00,0.00,0,0
1535658495,s5,0.00,0.00,0.00,0,0,0.00,0.00,0.00,0,0,0.00,0.00,0,0
1535658495,s1,0.00,0.00,0.00,0,0,0.00,0.00,0.00,0,0,0.00,0.00,0,0
1535658495,eth0,0.00,0.00,0.00,0,0,0.00,0.00,0.00,0,0,0.00,0.00,0,0
1535658495,eth1,0.00,0.00,0.00,0,0,0.00,0.00,0.00,0,0,0.00,0.00,0,0
1535658495,s2,0.00,0.00,0.00,0,0,0.00,0.00,0.00,0,0,0.00,0.00,0,0
1535658495,s1-eth2,0.00,0.00,0.00,0,0,0.00,0.00,0.00,0,0,0.00,0.00,0,0
1535658495,s1-eth1,0.00,0.00,0.00,0,0,0.00,0.00,0.00,0,0,0.00,0.00,0,0
1535658495,s3,0.00,0.00,0.00,0,0,0.00,0.00,0.00,0,0,0.00,0.00,0,0
1535658495,lo,688.00,688.00,1376.00,688,688,12.00,12.00,24.00,12,12,0.00,0.00,0,0
1535658495,s4,0.00,0.00,0.00,0,0,0.00,0.00,0.00,0,0,0.00,0.00,0,0
1535658495,total,688.00,688.00,1376.00,688,688,12.00,12.00,24.00,12,12,0.00,0.00,0,0
1535658496,s5,0.00,0.00,0.00,0,0,0.00,0.00,0.00,0,0,0.00,0.00,0,0
1535658496,s1,0.00,0.00,0.00,0,0,0.00,0.00,0.00,0,0,0.00,0.00,0,0
1535658496,eth0,0.00,0.00,0.00,0,0,0.00,0.00,0.00,0,0,0.00,0.00,0,0
1535658496,eth1,0.00,0.00,0.00,0,0,0.00,0.00,0.00,0,0,0.00,0.00,0,0
1535658496,s2,0.00,0.00,0.00,0,0,0.00,0.00,0.00,0,0,0.00,0.00,0,0
1535658496,s1-eth2,0.00,0.00,0.00,0,0,0.00,0.00,0.00,0,0,0.00,0.00,0,0
1535658496,s1-eth1,0.00,0.00,0.00,0,0,0.00,0.00,0.00,0,0,0.00,0.00,0,0
1535658496,s3,0.00,0.00,0.00,0,0,0.00,0.00,0.00,0,0,0.00,0.00,0,0
1535658496,lo,0.00,0.00,0.00,0,0,0.00,0.00,0.00,0,0,0.00,0.00,0,0
1535658496,s4,0.00,0.00,0.00,0,0,0.00,0.00,0.00,0,0,0.00,0.00,0,0
1535658496,total,0.00,0.00,0.00,0,0,0.00,0.00,0.00,0,0,0.00,0.00,0,0
1535658497,s5,0.00,0.00,0.00,0,0,0.00,0.00,0.00,0,0,0.00,0.00,0,0
1535658497,s1,0.00,0.00,0.00,0,0,0.00,0.00,0.00,0,0,0.00,0.00,0,0
1535658497,eth0,0.00,0.00,0.00,0,0,0.00,0.00,0.00,0,0,0.00,0.00,0,0
1535658497,eth1,0.00,0.00,0.00,0,0,0.00,0.00,0.00,0,0,0.00,0.00,0,0
1535658497,s2,0.00,0.00,0.00,0,0,0.00,0.00,0.00,0,0,0.00,0.00,0,0
1535658497,s1-eth2,0.00,0.00,0.00,0,0,0.00,0.00,0.00,0,0,0.00,0.00,0,0
1535658497,s1-eth1,0.00,0.00,0.00,0,0,0.00,0.00,0.00,0,0,0.00,0.00,0,0
1535658497,s3,0.00,0.00,0.00,0,0,0.00,0.00,0.00,0,0,0.00,0.00,0,0
1535658497,lo,0.00,0.00,0.00,0,0,0.00,0.00,0.00,0,0,0.00,0.00,0,0
1535658497,s4,0.00,