1535659956,s1,0.00,0.00,0.00,0,0,0.00,0.00,0.00,0,0,0.00,0.00,0,0
1535659956,eth0,0.00,0.00,0.00,0,0,0.00,0.00,0.00,0,0,0.00,0.00,0,0
1535659956,eth1,0.00,0.00,0.00,0,0,0.00,0.00,0.00,0,0,0.00,0.00,0,0
1535659956,s2,0.00,0.00,0.00,0,0,0.00,0.00,0.00,0,0,0.00,0.00,0,0
1535659956,s1-eth2,0.00,0.00,0.00,0,0,0.00,0.00,0.00,0,0,0.00,0.00,0,0
1535659956,s1-eth1,0.00,0.00,0.00,0,0,0.00,0.00,0.00,0,0,0.00,0.00,0,0
1535659956,s3,0.00,0.00,0.00,0,0,0.00,0.00,0.00,0,0,0.00,0.00,0,0
1535659956,s2-eth2,0.00,0.00,0.00,0,0,0.00,0.00,0.00,0,0,0.00,0.00,0,0
1535659956,s2-eth1,0.00,0.00,0.00,0,0,0.00,0.00,0.00,0,0,0.00,0.00,0,0
1535659956,lo,0.00,0.00,0.00,0,0,0.00,0.00,0.00,0,0,0.00,0.00,0,0
1535659956,s3-eth2,0.00,0.00,0.00,0,0,0.00,0.00,0.00,0,0,0.00,0.00,0,0
1535659956,s3-eth1,0.00,0.00,0.00,0,0,0.00,0.00,0.00,0,0,0.00,0.00,0,0
1535659956,total,0.00,0.00,0.00,0,0,0.00,0.00,0.00,0,0,0.00,0.00,0,0
1535659957,s1,90.00,862.00,952.00,862,90,1.00,7.00,8.00,7,1,0.00,0.00,0,0
1535659957,eth0,152.00,677.00,829.00,677,152,2.00,2.00,4.00,2,2,0.00,0.00,0,0
1535659957,eth1,0.00,0.00,0.00,0,0,0.00,0.00,0.00,0,0,0.00,0.00,0,0
1535659957,s2,160.00,702.00,862.00,702,160,2.00,5.00,7.00,5,2,0.00,0.00,0,0
1535659957,s1-eth2,32194.00,1249822.00,1282016.00,1249822,32194,431.00,831.00,1262.00,831,431,0.00,0.00,0,0
1535659957,s1-eth1,1251426.00,31688.00,1283114.00,31688,1251426,833.00,428.00,1261.00,428,833,0.00,0.00,0,0
1535659957,s3,90.00,1114.00,1204.00,1114,90,1.00,7.00,8.00,7,1,0.00,0.00,0,0
1535659957,s2-eth2,32712.00,1250744.00,1283456.00,1250744,32712,434.00,828.00,1262.00,828,434,0.00,0.00,0,0
1535659957,s2-eth1,1249822.00,32194.00,1282016.00,32194,1249822,831.00,431.00,1262.00,431,831,0.00,0.00,0,0
1535659957,lo,7541.00,7541.00,15082.00,7541,7541,74.00,74.00,148.00,74,74,0.00,0.00,0,0
1535659957,s3-eth2,33234.00,1250564.00,1283798.00,1250564,33234,437.00,826.00,1263.00,826,437,0.00,0.00,0,0
1535659957,s3-eth1,1250744.00,32712.00,1283456.00,32712,1250744,828.00,434.00,1262.00,434,828,0.00,0.00,0,0
1535659957,total,3858165.00,3858620.00,7716785.00,3858620,3858165,3874.00,3873.00,7747.00,3873,3874,0.00,0.00,0,0
1535659958,s1,0.00,432.00,432.00,432,0,0.00,2.00,2.00,2,0,0.00,0.00,0,0
1535659958,eth0,152.00,677.00,829.00,677,152,2.00,2.00,4.00,2,2,0.00,0.00,0,0
1535659958,eth1,0.00,0.00,0.00,0,0,0.00,0.00,0.00,0,0,0.00,0.00,0,0
1535659958,s2,90.00,342.00,432.00,342,90,1.00,1.00,2.00,1,1,0.00,0.00,0,0
1535659958,s1-eth2,31598.00,1250996.00,1282594.00,1250996,31598,427.00,828.00,1255.00,828,427,0.00,0.00,0,0
1535659958,s1-eth1,1249824.00,31598.00,1281422.00,31598,1249824,828.00,427.00,1255.00,427,828,0.00,0.00,0,0
1535659958,s3,0.00,90.00,90.00,90,0,0.00,1.00,1.00,1,0,0.00,0.00,0,0
1535659958,s2-eth2,31762.00,1250906.00,1282668.00,1250906,31762,429.00,827.00,1256.00,827,429,0.00,0.00,0,0
1535659958,s2-eth1,1250996.00,31598.00,1282594.00,31598,1250996,828.00,427.00,1255.00,427,828,0.00,0.00,0,0
1535659958,lo,2289.00,2289.00,4578.00,2289,2289,19.00,19.00,38.00,19,19,0.00,0.00,0,0
1535659958,s3-eth2,31688.00,1250564.00,1282252.00,1250564,31688,428.00,826.00,1254.00,826,428,0.00,0.00,0,0
1535659958,s3-eth1,1250906.00,31762.00,1282668.00,31762,1250906,827.00,429.00,1256.00,429,827,0.00,0.00,0,0
1535659958,total,3849305.00,3851254.00,7700559.00,3851254,3849305,3789.00,3789.00,7578.00,3789,3789,0.00,0.00,0,0
1535659959,s1,0.00,0.00,0.00,0,0,0.00,0.00,0.00,0,0,0.00,0.00,0,0
1535659959,eth0,0.00,0.00,0.00,0,0,0.00,0.00,0.00,0,0,0.00,0.00,0,0
1535659959,eth1,0.00,0.00,0.00,0,0,0.00,0.00,0.00,0,0,0.00,0.00,0,0
1535659959,s2,0.00,70.00,70.00,70,0,0.00,1.00,1.00,1,0,0.00,0.00,0,0
1535659959,s1-eth2,32186.00,1250564.00,1282750.00,1250564,32186,435.00,826.00,1261.00,826,435,0.00,0.00,0,0
1535659959,s1-eth1,1250634.00,32116.00,1282750.00,32116,1250634,827.00,434.00,1261.00,434,827,0.00,0.00,0,0
1535659959,s3,0.00,70.00,70.00,70,0,0.00,1.00,1.00,1,0,0.00,0.00,0,0
1535659959,s2-eth2,32186.00,1250564.00,1282750.00,1250564,32186,435.00,826.00,1261.00,826,435,0.00,0.00,0,0
1535659959,s2-eth1,1250564.00,32186.00,1282750.00,32186,1250564,826.00,435.00,1261.00,435,826,0.00,0.00,0,0
1535659959,lo,536.00,536.00,1072.00,536,536,6.00,6.00,12.00,6,6,0.00,0.00,0,0
1535659959,s3-eth2,32186.00,1250564.00,1282750.00,1250564,32186,435.00,826.00,1261.00,826,435,0.00,0.00,0,0
1535659959,s3-eth1,1250564.00,32186.00,1282750.00,32186,1250564,826.00,435.00,1261.00,435,826,0.00,0.00,0,0
1535659959,total,3848856.00,3848856.00,7697712.00,3848856,3848856,3790.00,3790.00,7580.00,3790,3790,0.00,0.00,0,0
1535659960,s1,70.00,280.00,350.00,280,70,1.00,4.00,5.00,4,1,0.00,0.00,0,0
1535659960,eth0,0.00,0.00,0.00,0,0,0.00,0.00,0.00,0,0,0.00,0.00,0,0
1535659960,eth1,0.00,0.00,0.00,0,0,0.00,0.00,0.00,0,0,0.00,0.00,0,0
1535659960,s2,0.00,280.00,280.00,280,0,0.00,4.00,4.00,4,0,0.00,0.00,0,0
1535659960,s1-eth2,31812.00,1246232.00,1278044.00,1246232,31812,430.00,826.00,1256.00,826,430,0.00,0.00,0,0
1535659960,s1-eth1,1246302.00,31742.00,1278044.00,31742,1246302,827.00,429.00,1256.00,429,827,0.00,0.00,0,0
1535659960,s3,70.00,210.00,280.00,210,70,1.00,3.00,4.00,3,1,0.00,0.00,0,0
1535659960,s2-eth2,31808.00,1244648.00,1276456.00,1244648,31808,430.00,824.00,1254.00,824,430,0.00,0.00,0,0
1535659960,s2-eth1,1246232.00,31812.00,1278044.00,31812,1246232,826.00,430.00,1256.00,430,826,0.00,0.00,0,0
1535659960,lo,3484.00,3484.00,6968.00,3484,3484,39.00,39.00,78.00,39,39,0.00,0.00,0,0
1535659960,s3-eth2,32022.00,1246022.00,1278044.00,1246022,32022,433.00,823.00,1256.00,823,433,0.00,0.00,0,0
1535659960,s3-eth1,1244648.00,31808.00,1276456.00,31808,1244648,824.00,430.00,1254.00,430,824,0.00,0.00,0,0
1535659960,total,3836448.00,3836518.00,7672966.00,3836518,3836448,3811.00,3812.00,7623.00,3812,3811,0.00,0.00,0,0
1535659961,s1,0.00,140.00,140.00,140,0,0.00,2.00,2.00,2,0,0.00,0.00,0,0
1535659961,eth0,0.00,0.00,0.00,0,0,0.00,0.00,0.00,0,0,0.00,0.00,0,0
1535659961,eth1,0.00,0.00,0.00,0,0,0.00,0.00,0.00,0,0,0.00,0.00,0,0
1535659961,s2,70.00,70.00,140.00,70,70,1.00,1.00,2.00,1,1,0.00,0.00,0,0
1535659961,s1-eth2,30488.00,1247676.00,1278164.00,1247676,30488,412.00,826.00,1238.00,826,412,0.00,0.00,0,0
1535659961,s1-eth1,1249190.00,30562.00,1279752.00,30562,1249190,827.00,413.00,1240.00,413,827,0.00,0.00,0,0
1535659961,s3,0.00,140.00,140.00,140,0,0.00,2.00,2.00,2,0,0.00,0.00,0,0
1535659961,s2-eth2,30632.00,1250634.00,1281266.00,1250634,30632,414.00,827.00,1241.00,827,414,0.00,0.00,0,0
1535659961,s2-eth1,1247676.00,30488.00,1278164.00,30488,1247676,826.00,412.00,1238.00,412,826,0.00,0.00,0,0
1535659961,lo,1608.00,1608.00,3216.00,1608,1608,18.00,18.00,36.00,18,18,0.00,0.00,0,0
1535659961,s3-eth2,30558.00,1250634.00,1281192.00,1250634,30558,413.00,827.00,1240.00,827,413,0.00,0.00,0,0
1535659961,s3-eth1,1250634.00,30632.00,1281266.00,30632,1250634,827.00,414.00,1241.00,414,827,0.00,0.00,0,0
1535659961,total,3840856.00,3842584.00,7683440.00,3842584,3840856,3738.00,3742.00,7480.00,3742,3738,0.00,0.00,0,0
1535659962,s1,0.00,342.00,342.00,342,0,0.00,1.00,1.00,1,0,0.00,0.00,0,0
1535659962,eth0,0.00,0.00,0.00,0,0,0.00,0.00,0.00,0,0,0.00,0.00,0,0
1535659962,eth1,0.00,0.00,0.00,0,0,0.00,0.00,0.00,0,0,0.00,0.00,0,0
1535659962,s2,0.00,342.00,342.00,342,0,0.00,1.00,1.00,1,0,0.00,0.00,0,0
1535659962,s1-eth2,30460.00,1234252.00,1264712.00,1234252,30460,408.00,816.00,1224.00,816,408,0.00,0.00,0,0
1535659962,s1-eth1,1231224.00,30118.00,1261342.00,30118,1231224,814.00,407.00,1221.00,407,814,0.00,0.00,0,0
1535659962,s3,0.00,684.00,684.00,684,0,0.00,2.00,2.00,2,0,0.00,0.00,0,0
1535659962,s2-eth2,30802.00,1233910.00,1264712.00,1233910,30802,409.00,815.00,1224.00,815,409,0.00,0.00,0,0
1535659962,s2-eth1,1234252.00,30460.00,1264712.00,30460,1234252,816.00,408.00,1224.00,408,816,0.00,0.00,0,0
1535659962,lo,1304.00,1304.00,2608.00,1304,1304,12.00,12.00,24.00,12,12,0.00,0.00,0,0
1535659962,s3-eth2,31144.00,1233910.00,1265054.00,1233910,31144,410.00,815.00,1225.00,815,410,0.00,0.00,0,0
1535659962,s3-eth1,1233910.00,30802.00,1264712.00,30802,1233910,815.00,409.00,1224.00,409,815,0.00,0.00,0,0
1535659962,total,3793096.00,3796124.00,7589220.00,3796124,3793096,3684.00,3686.00,7370.00,3686,3684,0.00,0.00,0,0
1535659963,s1,0.00,341.66,341.66,342,0,0.00,1.00,1.00,1,0,0.00,0.00,0,0
1535659963,eth0,0.00,0.00,0.00,0,0,0.00,0.00,0.00,0,0,0.00,0.00,0,0
1535659963,eth1,0.00,0.00,0.00,0,0,0.00,0.00,0.00,0,0,0.00,0.00,0,0
1535659963,s2,0.00,411.59,411.59,412,0,0.00,2.00,2.00,2,0,0.00,0.00,0,0
1535659963,s1-eth2,30527.47,1246631.38,1277158.88,1247878,30558,412.59,824.18,1236.76,825,413,0.00,0.00,0,0
1535659963,s1-eth1,1248213.88,30457.54,1278671.38,30488,1249462,826.17,411.59,1237.76,412,827,0.00,0.00,0,0
1535659963,s3,0.00,69.93,69.93,70,0,0.00,1.00,1.00,1,0,0.00,0.00,0,0
1535659963,s2-eth2,30527.47,1248143.88,1278671.38,1249392,30558,412.59,825.17,1237.76,826,413,0.00,0.00,0,0
1535659963,s2-eth1,1248143.88,30601.40,1278745.25,30632,1249392,825.17,413.59,1238.76,414,826,0.00,0.00,0,0
1535659963,lo,1186.81,1186.81,2373.63,1188,1188,11.99,11.99,23.98,12,12,0.00,0.00,0,0
1535659963,s3-eth2,30601.40,1247802.25,1278403.62,1249050,30632,413.59,824.18,1237.76,825,414,0.00,0.00,0,0
1535659963,s3-eth1,1246898.25,30497.01,1277395.25,30558,1249392,824.35,412.18,1236.53,413,826,0.00,0.00,0,0
1535659963,total,3833515.00,3832345.50,7665860.50,3840010,3841182,3723.55,3723.55,7447.11,3731,3731,0.00,0.00,0,0
1535659964,s1,69.86,279.44,349.30,280,70,1.00,3.99,4.99,4,1,0.00,0.00,0,0
1535659964,eth0,0.00,0.00,0.00,0,0,0.00,0.00,0.00,0,0,0.00,0.00,0,0
1535659964,eth1,0.00,0.00,0.00,0,0,0.00,0.00,0.00,0,0,0.00,0.00,0,0
1535659964,s2,0.00,279.72,279.72,280,0,0.00,4.00,4.00,4,0,0.00,0.00,0,0
1535659964,s1-eth2,30227.77,1231374.62,1261602.38,1232606,30258,408.59,816.18,1224.78,817,409,0.00,0.00,0,0
1535659964,s1-eth1,1230273.75,30083.92,1260357.62,30114,1231504,817.18,406.59,1223.78,407,818,0.00,0.00,0,0
1535659964,s3,69.93,209.79,279.72,210,70,1.00,3.00,4.00,3,1,0.00,0.00,0,0
1535659964,s2-eth2,30223.78,1229792.25,1260016.00,1231022,30254,408.59,814.19,1222.78,815,409,0.00,0.00,0,0
1535659964,s2-eth1,1229862.12,30153.85,1260016.00,30184,1231092,815.18,407.59,1222.78,408,816,0.00,0.00,0,0
1535659964,lo,3480.52,3480.52,6961.04,3484,3484,38.96,38.96,77.92,39,39,0.00,0.00,0,0
1535659964,s3-eth2,30363.64,1229652.38,1260016.00,1230882,30394,410.59,812.19,1222.78,813,411,0.00,0.00,0,0
1535659964,s3-eth1,1231022.00,30254.00,1261276.00,30254,1231022,815.00,409.00,1224.00,409,815,0.00,0.00,0,0
1535659964,total,3788148.00,3789316.00,7577464.00,3789316,3788148,3719.00,3719.00,7438.00,3719,3719,0.00,0.00,0,0
1535659965,s1,0.00,140.00,140.00,140,0,0.00,2.00,2.00,2,0,0.00,0.00,0,0
1535659965,eth0,0.00,0.00,0.00,0,0,0.00,0.00,0.00,0,0,0.00,0.00,0,0
1535659965,eth1,0.00,0.00,0.00,0,0,0.00,0.00,0.00,0,0,0.00,0.00,0,0
1535659965,s2,70.00,70.00,140.00,70,70,1.00,1.00,2.00,1,1,0.00,0.00,0,0
1535659965,s1-eth2,29452.00,1200742.00,1230194.00,1200742,29452,398.00,795.00,1193.00,795,398,0.00,0.00,0,0
1535659965,s1-eth1,1202256.00,29452.00,1231708.00,29452,1202256,796.00,398.00,1194.00,398,796,0.00,0.00,0,0
1535659965,s3,0.00,140.00,140.00,140,0,0.00,2.00,2.00,2,0,0.00,0.00,0,0
1535659965,s2-eth2,29522.00,1202186.00,1231708.00,1202186,29522,399.00,795.00,1194.00,795,399,0.00,0.00,0,0
1535659965,s2-eth1,1200742.00,29452.00,1230194.00,29452,1200742,795.00,398.00,1193.00,398,795,0.00,0.00,0,0
1535659965,lo,1608.00,1608.00,3216.00,1608,1608,18.00,18.00,36.00,18,18,0.00,0.00,0,0
1535659965,s3-eth2,29522.00,1202186.00,1231708.00,1202186,29522,399.00,795.00,1194.00,795,399,0.00,0.00,0,0
1535659965,s3-eth1,1202186.00,29522.00,1231708.00,29522,1202186,795.00,399.00,1194.00,399,795,0.00,0.00,0,0
1535659965,total,3695358.00,3695498.00,7390856.00,3695498,3695358,3601.00,3603.00,7204.00,3603,3601,0.00,0.00,0,0
1535659966,s1,0.00,0.00,0.00,0,0,0.00,0.00,0.00,0,0,0.00,0.00,0,0
1535659966,eth0,0.00,0.00,0.00,0,0,0.00,0.00,0.00,0,0,0.00,0.00,0,0
1535659966,eth1,0.00,0.00,0.00,0,0,0.00,0.00,0.00,0,0,0.00,0.00,0,0
1535659966,s2,0.00,0.00,0.00,0,0,0.00,0.00,0.00,0,0,0.00,0.00,0,0
1535659966,s1-eth2,30383.62,1241752.25,1272135.88,1242994,30414,410.59,820.18,1230.77,821,411,0.00,0.00,0,0
1535659966,s1-eth1,1241752.25,30383.62,1272135.88,30414,1242994,820.18,410.59,1230.77,411,821,0.00,0.00,0,0
1535659966,s3,0.00,0.00,0.00,0,0,0.00,0.00,0.00,0,0,0.00,0.00,0,0
1535659966,s2-eth2,30383.62,1243264.75,1273648.38,1244508,30414,410.59,821.18,1231.77,822,411,0.00,0.00,0,0
1535659966,s2-eth1,1243264.75,30383.62,1273648.38,30414,1244508,821.18,410.59,1231.77,411,822,0.00,0.00,0,0
1535659966,lo,0.00,0.00,0.00,0,0,0.00,0.00,0.00,0,0,0.00,0.00,0,0
1535659966,s3-eth2,30383.62,1243264.75,1273648.38,1244508,30414,410.59,821.18,1231.77,822,411,0.00,0.00,0,0
1535659966,s3-eth1,1243264.75,30383.62,1273648.38,30414,1244508,821.18,410.59,1231.77,411,822,0.00,0.00,0,0
1535659966,total,3819432.75,3819432.75,7638865.50,3823252,3823252,3694.31,3694.31,7388.61,3698,3698,0.00,0.00,0,0
1535659967,s1,0.00,0.00,0.00,0,0,0.00,0.00,0.00,0,0,0.00,0.00,0,0
1535659967,eth0,0.00,0.00,0.00,0,0,0.00,0.00,0.00,0,0,0.00,0.00,0,0
1535659967,eth1,0.00,0.00,0.00,0,0,0.00,0.00,0.00,0,0,0.00,0.00,0,0
1535659967,s2,0.00,0.00,0.00,0,0,0.00,0.00,0.00,0,0,0.00,0.00,0,0
1535659967,s1-eth2,30488.00,1250564.00,1281052.00,1250564,30488,412.00,826.00,1238.00,826,412,0.00,0.00,0,0
1535659967,s1-eth1,1250564.00,30562.00,1281126.00,30562,1250564,826.00,413.00,1239.00,413,826,0.00,0.00,0,0
1535659967,s3,0.00,0.00,0.00,0,0,0.00,0.00,0.00,0,0,0.00,0.00,0,0
1535659967,s2-eth2,30562.00,1249050.00,1279612.00,1249050,30562,413.00,825.00,1238.00,825,413,0.00,0.00,0,0
1535659967,s2-eth1,1249050.00,30488.00,1279538.00,30488,1249050,825.00,412.00,1237.00,412,825,0.00,0.00,0,0
1535659967,lo,0.00,0.00,0.00,0,0,0.00,0.00,0.00,0,0,0.00,0.00,0,0
1535659967,s3-eth2,30562.00,1249050.00,1279612.00,1249050,30562,413.00,825.00,1238.00,825,413,0.00,0.00,0,0
1535659967,s3-eth1,1249050.00,30562.00,1279612.00,30562,1249050,825.00,413.00,1238.00,413,825,0.00,0.00,0,0
1535659967,total,3840276.00,3840276.00,7680552.00,3840276,3840276,3714.00,3714.00,7428.00,3714,3714,0.00,0.00,0,0
1535659968,s1,0.00,0.00,0.00,0,0,0.00,0.00,0.00,0,0,0.00,0.00,0,0
1535659968,eth0,0.00,0.00,0.00,0,0,0.00,0.00,0.00,0,0,0.00,0.00,0,0
1535659968,eth1,0.00,0.00,0.00,0,0,0.00,0.00,0.00,0,0,0.00,0.00,0,0
1535659968,s2,0.00,0.00,0.00,0,0,0.00,0.00,0.00,0,0,0.00,0.00,0,0
1535659968,s1-eth2,30710.00,1250564.00,1281274.00,1250564,30710,415.00,826.00,1241.00,826,415,0.00,0.00,0,0
1535659968,s1-eth1,1250564.00,30636.00,1281200.00,30636,1250564,826.00,414.00,1240.00,414,826,0.00,0.00,0,0
1535659968,s3,0.00,0.00,0.00,0,0,0.00,0.00,0.00,0,0,0.00,0.00,0,0
1535659968,s2-eth2,30636.00,1250564.00,1281200.00,1250564,30636,414.00,826.00,1240.00,826,414,0.00,0.00,0,0
1535659968,s2-eth1,1250564.00,30710.00,1281274.00,30710,1250564,826.00,415.00,1241.00,415,826,0.00,0.00,0,0
1535659968,lo,0.00,0.00,0.00,0,0,0.00,0.00,0.00,0,0,0.00,0.00,0,0
1535659968,s3-eth2,30636.00,1250564.00,1281200.00,1250564,30636,414.00,826.00,1240.00,826,414,0.00,0.00,0,0
1535659968,s3-eth1,1250564.00,30636.00,1281200.00,30636,1250564,826.00,414.00,1240.00,414,826,0.00,0.00,0,0
1535659968,total,3843674.00,3843674.00,7687348.00,3843674,3843674,3721.00,3721.00,7442.00,3721,3721,0.00,0.00,0,0
1535659969,s1,0.00,0.00,0.00,0,0,0.00,0.00,0.00,0,0,0.00,0.00,0,0
1535659969,eth0,0.00,0.00,0.00,0,0,0.00,0.00,0.00,0,0,0.00,0.00,0,0
1535659969,eth1,0.00,0.00,0.00,0,0,0.00,0.00,0.00,0,0,0.00,0.00,0,0
1535659969,s2,0.00,0.00,0.00,0,0,0.00,0.00,0.00,0,0,0.00,0.00,0,0
1535659969,s1-eth2,30562.00,1250564.00,1281126.00,1250564,30562,413.00,826.00,1239.00,826,413,0.00,0.00,0,0
1535659969,s1-eth1,1250564.00,30562.00,1281126.00,30562,1250564,826.00,413.00,1239.00,413,826,0.00,0.00,0,0
1535659969,s3,0.00,0.00,0.00,0,0,0.00,0.00,0.00,0,0,0.00,0.00,0,0
1535659969,s2-eth2,30562.00,1250564.00,1281126.00,1250564,30562,413.00,826.00,1239.00,826,413,0.00,0.00,0,0
1535659969,s2-eth1,1250564.00,30562.00,1281126.00,30562,1250564,826.00,413.00,1239.00,413,826,0.00,0.00,0,0
1535659969,lo,516.00,516.00,1032.00,516,516,9.00,9.00,18.00,9,9,0.00,0.00,0,0
1535659969,s3-eth2,30562.00,1250564.00,1281126.00,1250564,30562,413.00,826.00,1239.00,826,413,0.00,0.00,0,0
1535659969,s3-eth1,1250564.00,30562.00,1281126.00,30562,1250564,826.00,413.00,1239.00,413,826,0.00,0.00,0,0
1535659969,total,3843894.00,3843894.00,7687788.00,3843894,3843894,3726.00,3726.00,7452.00,3726,3726,0.00,0.00,0,0
1535659970,s1,0.00,0.00,0.00,0,0,0.00,0.00,0.00,0,0,0.00,0.00,0,0
1535659970,eth0,0.00,0.00,0.00,0,0,0.00,0.00,0.00,0,0,0.00,0.00,0,0
1535659970,eth1,0.00,0.00,0.00,0,0,0.00,0.00,0.00,0,0,0.00,0.00,0,0
1535659970,s2,0.00,0.00,0.00,0,0,0.00,0.00,0.00,0,0,0.00,0.00,0,0
1535659970,s1-eth2,30118.00,1232396.00,1262514.00,1232396,30118,407.00,814.00,1221.00,814,407,0.00,0.00,0,0
1535659970,s1-eth1,1232396.00,30118.00,1262514.00,30118,1232396,814.00,407.00,1221.00,407,814,0.00,0.00,0,0
1535659970,s3,0.00,0.00,0.00,0,0,0.00,0.00,0.00,0,0,0.00,0.00,0,0
1535659970,s2-eth2,30118.00,1232396.00,1262514.00,1232396,30118,407.00,814.00,1221.00,814,407,0.00,0.00,0,0
1535659970,s2-eth1,1232396.00,30118.00,1262514.00,30118,1232396,814.00,407.00,1221.00,407,814,0.00,0.00,0,0
1535659970,lo,0.00,0.00,0.00,0,0,0.00,0.00,0.00,0,0,0.00,0.00,0,0
1535659970,s3-eth2,30118.00,1232396.00,1262514.00,1232396,30118,407.00,814.00,1221.00,814,407,0.00,0.00,0,0
1535659970,s3-eth1,1232396.00,30118.00,1262514.00,30118,1232396,814.00,407.00,1221.00,407,814,0.00,0.00,0,0
1535659970,total,3787542.00,3787542.00,7575084.00,3787542,3787542,3663.00,3663.00,7326.00,3663,3663,0.00,0.00,0,0
1535659971,s1,0.00,0.00,0.00,0,0,0.00,0.00,0.00,0,0,0.00,0.00,0,0
1535659971,eth0,0.00,0.00,0.00,0,0,0.00,0.00,0.00,0,0,0.00,0.00,0,0
1535659971,eth1,0.00,0.00,0.00,0,0,0.00,0.00,0.00,0,0,0.00,0.00,0,0
1535659971,s2,0.00,0.00,0.00,0,0,0.00,0.00,0.00,0,0,0.00,0.00,0,0
1535659971,s1-eth2,30562.00,1250564.00,1281126.00,1250564,30562,413.00,826.00,1239.00,826,413,0.00,0.00,0,0
1535659971,s1-eth1,1250564.00,30562.00,1281126.00,30562,1250564,826.00,413.00,1239.00,413,826,0.00,0.00,0,0
1535659971,s3,0.00,0.00,0.00,0,0,0.00,0.00,0.00,0,0,0.00,0.00,0,0
1535659971,s2-eth2,30562.00,1250564.00,1281126.00,1250564,30562,413.00,826.00,1239.00,826,413,0.00,0.00,0,0
1535659971,s2-eth1,1250564.00,30562.00,1281126.00,30562,1250564,826.00,413.00,1239.00,413,826,0.00,0.00,0,0
1535659971,lo,0.00,0.00,0.00,0,0,0.00,0.00,0.00,0,0,0.00,0.00,0,0
1535659971,s3-eth2,30562.00,1250564.00,1281126.00,1250564,30562,413.00,826.00,1239.00,826,413,0.00,0.00,0,0
1535659971,s3-eth1,1250564.00,30562.00,1281126.00,30562,1250564,826.00,413.00,1239.00,413,826,0.00,0.00,0,0
1535659971,total,3843378.00,3843378.00,7686756.00,3843378,3843378,3717.00,3717.00,7434.00,3717,3717,0.00,0.00,0,0
1535659972,s1,0.00,0.00,0.00,0,0,0.00,0.00,0.00,0,0,0.00,0.00,0,0
1535659972,eth0,0.00,0.00,0.00,0,0,0.00,0.00,0.00,0,0,0.00,0.00,0,0
1535659972,eth1,0.00,0.00,0.00,0,0,0.00,0.00,0.00,0,0,0.00,0.00,0,0
1535659972,s2,0.00,342.00,342.00,342,0,0.00,1.00,1.00,1,0,0.00,0.00,0,0
1535659972,s1-eth2,30904.00,1249050.00,1279954.00,1249050,30904,414.00,825.00,1239.00,825,414,0.00,0.00,0,0
1535659972,s1-eth1,1249050.00,30562.00,1279612.00,30562,1249050,825.00,413.00,1238.00,413,825,0.00,0.00,0,0
1535659972,s3,0.00,684.00,684.00,684,0,0.00,2.00,2.00,2,0,0.00,0.00,0,0
1535659972,s2-eth2,31246.00,1249050.00,1280296.00,1249050,31246,415.00,825.00,1240.00,825,415,0.00,0.00,0,0
1535659972,s2-eth1,1249050.00,30904.00,1279954.00,30904,1249050,825.00,414.00,1239.00,414,825,0.00,0.00,0,0
1535659972,lo,978.00,978.00,1956.00,978,978,9.00,9.00,18.00,9,9,0.00,0.00,0,0
1535659972,s3-eth2,31246.00,1249050.00,1280296.00,1249050,31246,415.00,825.00,1240.00,825,415,0.00,0.00,0,0
1535659972,s3-eth1,1249050.00,31246.00,1280296.00,31246,1249050,825.00,415.00,1240.00,415,825,0.00,0.00,0,0
1535659972,total,3841524.00,3841866.00,7683390.00,3841866,3841524,3728.00,3729.00,7457.00,3729,3728,0.00,0.00,0,0
1535659973,s1,0.00,342.00,342.00,342,0,0.00,1.00,1.00,1,0,0.00,0.00,0,0
1535659973,eth0,0.00,0.00,0.00,0,0,0.00,0.00,0.00,0,0,0.00,0.00,0,0
1535659973,eth1,0.00,0.00,0.00,0,0,0.00,0.00,0.00,0,0,0.00,0.00,0,0
1535659973,s2,0.00,0.00,0.00,0,0,0.00,0.00,0.00,0,0,0.00,0.00,0,0
1535659973,s1-eth2,30488.00,1250906.00,1281394.00,1250906,30488,412.00,827.00,1239.00,827,412,0.00,0.00,0,0
1535659973,s1-eth1,1250906.00,30562.00,1281468.00,30562,1250906,827.00,413.00,1240.00,413,827,0.00,0.00,0,0
1535659973,s3,0.00,0.00,0.00,0,0,0.00,0.00,0.00,0,0,0.00,0.00,0,0
1535659973,s2-eth2,30562.00,1250564.00,1281126.00,1250564,30562,413.00,826.00,1239.00,826,413,0.00,0.00,0,0
1535659973,s2-eth1,1250906.00,30488.00,1281394.00,30488,1250906,827.00,412.00,1239.00,412,827,0.00,0.00,0,0
1535659973,lo,326.00,326.00,652.00,326,326,3.00,3.00,6.00,3,3,0.00,0.00,0,0
1535659973,s3-eth2,30562.00,1250564.00,1281126.00,1250564,30562,413.00,826.00,1239.00,826,413,0.00,0.00,0,0
1535659973,s3-eth1,1250564.00,30562.00,1281126.00,30562,1250564,826.00,413.00,1239.00,413,826,0.00,0.00,0,0
1535659973,total,3844314.00,3844314.00,7688628.00,3844314,3844314,3721.00,3721.00,7442.00,3721,3721,0.00,0.00,0,0
1535659974,s1,0.00,0.00,0.00,0,0,0.00,0.00,0.00,0,0,0.00,0.00,0,0
1535659974,eth0,0.00,0.00,0.00,0,0,0.00,0.00,0.00,0,0,0.00,0.00,0,0
1535659974,eth1,0.00,0.00,0.00,0,0,0.00,0.00,0.00,0,0,0.00,0.00,0,0
1535659974,s2,0.00,0.00,0.00,0,0,0.00,0.00,0.00,0,0,0.00,0.00,0,0
1535659974,s1-eth2,30414.00,1244508.00,1274922.00,1244508,30414,411.00,822.00,1233.00,822,411,0.00,0.00,0,0
1535659974,s1-eth1,1244508.00,30414.00,1274922.00,30414,1244508,822.00,411.00,1233.00,411,822,0.00,0.00,0,0
1535659974,s3,0.00,0.00,0.00,0,0,0.00,0.00,0.00,0,0,0.00,0.00,0,0
1535659974,s2-eth2,30414.00,1244508.00,1274922.00,1244508,30414,411.00,822.00,1233.00,822,411,0.00,0.00,0,0
1535659974,s2-eth1,1244508.00,30414.00,1274922.00,30414,1244508,822.00,411.00,1233.00,411,822,0.00,0.00,0,0
1535659974,lo,0.00,0.00,0.00,0,0,0.00,0.00,0.00,0,0,0.00,0.00,0,0
1535659974,s3-eth2,30414.00,1244508.00,1274922.00,1244508,30414,411.00,822.00,1233.00,822,411,0.00,0.00,0,0
1535659974,s3-eth1,1244508.00,30414.00,1274922.00,30414,1244508,822.00,411.00,1233.00,411,822,0.00,0.00,0,0
1535659974,total,3824766.00,3824766.00,7649532.00,3824766,3824766,3699.00,3699.00,7398.00,3699,3699,0.00,0.00,0,0
1535659975,s1,0.00,0.00,0.00,0,0,0.00,0.00,0.00,0,0,0.00,0.00,0,0
1535659975,eth0,0.00,0.00,0.00,0,0,0.00,0.00,0.00,0,0,0.00,0.00,0,0
1535659975,eth1,0.00,0.00,0.00,0,0,0.00,0.00,0.00,0,0,0.00,0.00,0,0
1535659975,s2,0.00,0.00,0.00,0,0,0.00,0.00,0.00,0,0,0.00,0.00,0,0
1535659975,s1-eth2,30266.00,1236938.00,1267204.00,1236938,30266,409.00,817.00,1226.00,817,409,0.00,0.00,0,0
1535659975,s1-eth1,1236938.00,30192.00,1267130.00,30192,1236938,817.00,408.00,1225.00,408,817,0.00,0.00,0,0
1535659975,s3,0.00,0.00,0.00,0,0,0.00,0.00,0.00,0,0,0.00,0.00,0,0
1535659975,s2-eth2,30192.00,1236938.00,1267130.00,1236938,30192,408.00,817.00,1225.00,817,408,0.00,0.00,0,0
1535659975,s2-eth1,1236938.00,30266.00,1267204.00,30266,1236938,817.00,409.00,1226.00,409,817,0.00,0.00,0,0
1535659975,lo,0.00,0.00,0.00,0,0,0.00,0.00,0.00,0,0,0.00,0.00,0,0
1535659975,s3-eth2,30534.00,1236938.00,1267472.00,1236938,30534,409.00,817.00,1226.00,817,409,0.00,0.00,0,0
1535659975,s3-eth1,1236938.00,30192.00,1267130.00,30192,1236938,817.00,408.00,1225.00,408,817,0.00,0.00,0,0
1535659975,total,3801806.00,3801464.00,7603270.00,3801464,3801806,3677.00,3676.00,7353.00,3676,3677,0.00,0.00,0,0
1535659976,s1,0.00,0.00,0.00,0,0,0.00,0.00,0.00,0,0,0.00,0.00,0,0
1535659976,eth0,0.00,0.00,0.00,0,0,0.00,0.00,0.00,0,0,0.00,0.00,0,0
1535659976,eth1,0.00,0.00,0.00,0,0,0.00,0.00,0.00,0,0,0.00,0.00,0,0
1535659976,s2,0.00,0.00,0.00,0,0,0.00,0.00,0.00,0,0,0.00,0.00,0,0
1535659976,s1-eth2,30488.00,1247536.00,1278024.00,1247536,30488,412.00,824.00,1236.00,824,412,0.00,0.00,0,0
1535659976,s1-eth1,1247536.00,30562.00,1278098.00,30562,1247536,824.00,413.00,1237.00,413,824,0.00,0.00,0,0
1535659976,s3,0.00,0.00,0.00,0,0,0.00,0.00,0.00,0,0,0.00,0.00,0,0
1535659976,s2-eth2,30562.00,1247536.00,1278098.00,1247536,30562,413.00,824.00,1237.00,824,413,0.00,0.00,0,0
1535659976,s2-eth1,1247536.00,30488.00,1278024.00,30488,1247536,824.00,412.00,1236.00,412,824,0.00,0.00,0,0
1535659976,lo,172.00,172.00,344.00,172,172,3.00,3.00,6.00,3,3,0.00,0.00,0,0
1535659976,s3-eth2,30488.00,1247536.00,1278024.00,1247536,30488,412.00,824.00,1236.00,824,412,0.00,0.00,0,0
1535659976,s3-eth1,1247536.00,30562.00,1278098.00,30562,1247536,824.00,413.00,1237.00,413,824,0.00,0.00,0,0
1535659976,total,3834318.00,3834392.00,7668710.00,3834392,3834318,3712.00,3713.00,7425.00,3713,3712,0.00,0.00,0,0
1535659977,s1,0.00,342.00,342.00,342,0,0.00,1.00,1.00,1,0,0.00,0.00,0,0
1535659977,eth0,0.00,0.00,0.00,0,0,0.00,0.00,0.00,0,0,0.00,0.00,0,0
1535659977,eth1,0.00,0.00,0.00,0,0,0.00,0.00,0.00,0,0,0.00,0.00,0,0
1535659977,s2,0.00,342.00,342.00,342,0,0.00,1.00,1.00,1,0,0.00,0.00,0,0
1535659977,s1-eth2,30192.00,1237280.00,1267472.00,1237280,30192,408.00,818.00,1226.00,818,408,0.00,0.00,0,0
1535659977,s1-eth1,1237280.00,30192.00,1267472.00,30192,1237280,818.00,408.00,1226.00,408,818,0.00,0.00,0,0
1535659977,s3,0.00,0.00,0.00,0,0,0.00,0.00,0.00,0,0,0.00,0.00,0,0
1535659977,s2-eth2,30192.00,1237280.00,1267472.00,1237280,30192,408.00,818.00,1226.00,818,408,0.00,0.00,0,0
1535659977,s2-eth1,1237280.00,30192.00,1267472.00,30192,1237280,818.00,408.00,1226.00,408,818,0.00,0.00,0,0
1535659977,lo,824.00,824.00,1648.00,824,824,9.00,9.00,18.00,9,9,0.00,0.00,0,0
1535659977,s3-eth2,30192.00,1238452.00,1268644.00,1238452,30192,408.00,818.00,1226.00,818,408,0.00,0.00,0,0
1535659977,s3-eth1,1237280.00,30192.00,1267472.00,30192,1237280,818.00,408.00,1226.00,408,818,0.00,0.00,0,0
1535659977,total,3803240.00,3805096.00,7608336.00,3805096,3803240,3687.00,3689.00,7376.00,3689,3687,0.00,0.00,0,0
1535659978,s1,0.00,0.00,0.00,0,0,0.00,0.00,0.00,0,0,0.00,0.00,0,0
1535659978,eth0,0.00,0.00,0.00,0,0,0.00,0.00,0.00,0,0,0.00,0.00,0,0
1535659978,eth1,0.00,0.00,0.00,0,0,0.00,0.00,0.00,0,0,0.00,0.00,0,0
1535659978,s2,0.00,0.00,0.00,0,0,0.00,0.00,0.00,0,0,0.00,0.00,0,0
1535659978,s1-eth2,30562.00,1250564.00,1281126.00,1250564,30562,413.00,826.00,1239.00,826,413,0.00,0.00,0,0
1535659978,s1-eth1,1250564.00,30562.00,1281126.00,30562,1250564,826.00,413.00,1239.00,413,826,0.00,0.00,0,0
1535659978,s3,0.00,0.00,0.00,0,0,0.00,0.00,0.00,0,0,0.00,0.00,0,0
1535659978,s2-eth2,30562.00,1250564.00,1281126.00,1250564,30562,413.00,826.00,1239.00,826,413,0.00,0.00,0,0
1535659978,s2-eth1,1250564.00,30562.00,1281126.00,30562,1250564,826.00,413.00,1239.00,413,826,0.00,0.00,0,0
1535659978,lo,0.00,0.00,0.00,0,0,0.00,0.00,0.00,0,0,0.00,0.00,0,0
1535659978,s3-eth2,30562.00,1250564.00,1281126.00,1250564,30562,413.00,826.00,1239.00,826,413,0.00,0.00,0,0
1535659978,s3-eth1,1250564.00,30562.00,1281126.00,30562,1250564,826.00,413.00,1239.00,413,826,0.00,0.00,0,0
1535659978,total,3843378.00,3843378.00,7686756.00,3843378,3843378,3717.00,3717.00,7434.00,3717,3717,0.00,0.00,0,0
1535659979,s1,0.00,0.00,0.00,0,0,0.00,0.00,0.00,0,0,0.00,0.00,0,0
1535659979,eth0,0.00,0.00,0.00,0,0,0.00,0.00,0.00,0,0,0.00,0.00,0,0
1535659979,eth1,0.00,86.00,86.00,86,0,0.00,1.00,1.00,1,0,0.00,0.00,0,0
1535659979,s2,0.00,0.00,0.00,0,0,0.00,0.00,0.00,0,0,0.00,0.00,0,0
1535659979,s1-eth2,30414.00,1244508.00,1274922.00,1244508,30414,411.00,822.00,1233.00,822,411,0.00,0.00,0,0
1535659979,s1-eth1,1244508.00,30414.00,1274922.00,30414,1244508,822.00,411.00,1233.00,411,822,0.00,0.00,0,0
1535659979,s3,0.00,0.00,0.00,0,0,0.00,0.00,0.00,0,0,0.00,0.00,0,0
1535659979,s2-eth2,30414.00,1244508.00,1274922.00,1244508,30414,411.00,822.00,1233.00,822,411,0.00,0.00,0,0
1535659979,s2-eth1,1244508.00,30414.00,1274922.00,30414,1244508,822.00,411.00,1233.00,411,822,0.00,0.00,0,0
1535659979,lo,0.00,0.00,0.00,0,0,0.00,0.00,0.00,0,0,0.00,0.00,0,0
1535659979,s3-eth2,30414.00,1244508.00,1274922.00,1244508,30414,411.00,822.00,1233.00,822,411,0.00,0.00,0,0
1535659979,s3-eth1,1244508.00,30414.00,1274922.00,30414,1244508,822.00,411.00,1233.00,411,822,0.00,0.00,0,0
1535659979,total,3824766.00,3824852.00,7649618.00,3824852,3824766,3699.00,3700.00,7399.00,3700,3699,0.00,0.00,0,0
1535659980,s1,0.00,342.00,342.00,342,0,0.00,1.00,1.00,1,0,0.00,0.00,0,0
1535659980,eth0,0.00,0.00,0.00,0,0,0.00,0.00,0.00,0,0,0.00,0.00,0,0
1535659980,eth1,0.00,0.00,0.00,0,0,0.00,0.00,0.00,0,0,0.00,0.00,0,0
1535659980,s2,0.00,0.00,0.00,0,0,0.00,0.00,0.00,0,0,0.00,0.00,0,0
1535659980,s1-eth2,30414.00,1244850.00,1275264.00,1244850,30414,411.00,823.00,1234.00,823,411,0.00,0.00,0,0
1535659980,s1-eth1,1245192.00,30414.00,1275606.00,30414,1245192,824.00,411.00,1235.00,411,824,0.00,0.00,0,0
1535659980,s3,0.00,342.00,342.00,342,0,0.00,1.00,1.00,1,0,0.00,0.00,0,0
1535659980,s2-eth2,30756.00,1244508.00,1275264.00,1244508,30756,412.00,822.00,1234.00,822,412,0.00,0.00,0,0
1535659980,s2-eth1,1244850.00,30414.00,1275264.00,30414,1244850,823.00,411.00,1234.00,411,823,0.00,0.00,0,0
1535659980,lo,652.00,652.00,1304.00,652,652,6.00,6.00,12.00,6,6,0.00,0.00,0,0
1535659980,s3-eth2,30756.00,1244508.00,1275264.00,1244508,30756,412.00,822.00,1234.00,822,412,0.00,0.00,0,0
1535659980,s3-eth1,1244508.00,30756.00,1275264.00,30756,1244508,822.00,412.00,1234.00,412,822,0.00,0.00,0,0
1535659980,total,3827128.00,3826786.00,7653914.00,3826786,3827128,3710.00,3709.00,7419.00,3709,3710,0.00,0.00,0,0
1535659981,s1,0.00,0.00,0.00,0,0,0.00,0.00,0.00,0,0,0.00,0.00,0,0
1535659981,eth0,0.00,0.00,0.00,0,0,0.00,0.00,0.00,0,0,0.00,0.00,0,0
1535659981,eth1,0.00,0.00,0.00,0,0,0.00,0.00,0.00,0,0,0.00,0.00,0,0
1535659981,s2,0.00,0.00,0.00,0,0,0.00,0.00,0.00,0,0,0.00,0.00,0,0
1535659981,s1-eth2,30488.00,1247536.00,1278024.00,1247536,30488,412.00,824.00,1236.00,824,412,0.00,0.00,0,0
1535659981,s1-eth1,1247536.00,30488.00,1278024.00,30488,1247536,824.00,412.00,1236.00,412,824,0.00,0.00,0,0
1535659981,s3,0.00,0.00,0.00,0,0,0.00,0.00,0.00,0,0,0.00,0.00,0,0
1535659981,s2-eth2,30488.00,1247536.00,1278024.00,1247536,30488,412.00,824.00,1236.00,824,412,0.00,0.00,0,0
1535659981,s2-eth1,1247536.00,30488.00,1278024.00,30488,1247536,824.00,412.00,1236.00,412,824,0.00,0.00,0,0
1535659981,lo,172.00,172.00,344.00,172,172,3.00,3.00,6.00,3,3,0.00,0.00,0,0
1535659981,s3-eth2,30562.00,1247536.00,1278098.00,1247536,30562,413.00,824.00,1237.00,824,413,0.00,0.00,0,0
1535659981,s3-eth1,1247536.00,30488.00,1278024.00,30488,1247536,824.00,412.00,1236.00,412,824,0.00,0.00,0,0
1535659981,total,3834318.00,3834244.00,7668562.00,3834244,3834318,3712.00,3711.00,7423.00,3711,3712,0.00,0.00,0,0
1535659982,s1,0.00,0.00,0.00,0,0,0.00,0.00,0.00,0,0,0.00,0.00,0,0
1535659982,eth0,0.00,0.00,0.00,0,0,0.00,0.00,0.00,0,0,0.00,0.00,0,0
1535659982,eth1,0.00,0.00,0.00,0,0,0.00,0.00,0.00,0,0,0.00,0.00,0,0
1535659982,s2,0.00,0.00,0.00,0,0,0.00,0.00,0.00,0,0,0.00,0.00,0,0
1535659982,s1-eth2,30118.00,1230882.00,1261000.00,1230882,30118,407.00,813.00,1220.00,813,407,0.00,0.00,0,0
1535659982,s1-eth1,1230882.00,30044.00,1260926.00,30044,1230882,813.00,406.00,1219.00,406,813,0.00,0.00,0,0
1535659982,s3,0.00,0.00,0.00,0,0,0.00,0.00,0.00,0,0,0.00,0.00,0,0
1535659982,s2-eth2,30044.00,1230882.00,1260926.00,1230882,30044,406.00,813.00,1219.00,813,406,0.00,0.00,0,0
1535659982,s2-eth1,1230882.00,30118.00,1261000.00,30118,1230882,813.00,407.00,1220.00,407,813,0.00,0.00,0,0
1535659982,lo,0.00,0.00,0.00,0,0,0.00,0.00,0.00,0,0,0.00,0.00,0,0
1535659982,s3-eth2,30044.00,1230882.00,1260926.00,1230882,30044,406.00,813.00,1219.00,813,406,0.00,0.00,0,0
1535659982,s3-eth1,1230882.00,30044.00,1260926.00,30044,1230882,813.00,406.00,1219.00,406,813,0.00,0.00,0,0
1535659982,total,3782852.00,3782852.00,7565704.00,3782852,3782852,3658.00,3658.00,7316.00,3658,3658,0.00,0.00,0,0
1535659983,s1,0.00,0.00,0.00,0,0,0.00,0.00,0.00,0,0,0.00,0.00,0,0
1535659983,eth0,0.00,0.00,0.00,0,0,0.00,0.00,0.00,0,0,0.00,0.00,0,0
1535659983,eth1,0.00,0.00,0.00,0,0,0.00,0.00,0.00,0,0,0.00,0.00,0,0
1535659983,s2,0.00,342.00,342.00,342,0,0.00,1.00,1.00,1,0,0.00,0.00,0,0
1535659983,s1-eth2,30682.00,1241480.00,1272162.00,1241480,30682,411.00,820.00,1231.00,820,411,0.00,0.00,0,0
1535659983,s1-eth1,1241480.00,30340.00,1271820.00,30340,1241480,820.00,410.00,1230.00,410,820,0.00,0.00,0,0
1535659983,s3,0.00,342.00,342.00,342,0,0.00,1.00,1.00,1,0,0.00,0.00,0,0
1535659983,s2-eth2,30682.00,1241480.00,1272162.00,1241480,30682,411.00,820.00,1231.00,820,411,0.00,0.00,0,0
1535659983,s2-eth1,1241480.00,30682.00,1272162.00,30682,1241480,820.00,411.00,1231.00,411,820,0.00,0.00,0,0
1535659983,lo,652.00,652.00,1304.00,652,652,6.00,6.00,12.00,6,6,0.00,0.00,0,0
1535659983,s3-eth2,30682.00,1241480.00,1272162.00,1241480,30682,411.00,820.00,1231.00,820,411,0.00,0.00,0,0
1535659983,s3-eth1,1241480.00,30682.00,1272162.00,30682,1241480,820.00,411.00,1231.00,411,820,0.00,0.00,0,0
1535659983,total,3817138.00,3817480.00,7634618.00,3817480,3817138,3699.00,3700.00,7399.00,3700,3699,0.00,0.00,0,0
1535659984,s1,0.00,0.00,0.00,0,0,0.00,0.00,0.00,0,0,0.00,0.00,0,0
1535659984,eth0,0.00,0.00,0.00,0,0,0.00,0.00,0.00,0,0,0.00,0.00,0,0
1535659984,eth1,0.00,0.00,0.00,0,0,0.00,0.00,0.00,0,0,0.00,0.00,0,0
1535659984,s2,0.00,0.00,0.00,0,0,0.00,0.00,0.00,0,0,0.00,0.00,0,0
1535659984,s1-eth2,30118.00,1232396.00,1262514.00,1232396,30118,407.00,814.00,1221.00,814,407,0.00,0.00,0,0
1535659984,s1-eth1,1232396.00,30118.00,1262514.00,30118,1232396,814.00,407.00,1221.00,407,814,0.00,0.00,0,0
1535659984,s3,0.00,0.00,0.00,0,0,0.00,0.00,0.00,0,0,0.00,0.00,0,0
1535659984,s2-eth2,30118.00,1232396.00,1262514.00,1232396,30118,407.00,814.00,1221.00,814,407,0.00,0.00,0,0
1535659984,s2-eth1,1232396.00,30118.00,1262514.00,30118,1232396,814.00,407.00,1221.00,407,814,0.00,0.00,0,0
1535659984,lo,0.00,0.00,0.00,0,0,0.00,0.00,0.00,0,0,0.00,0.00,0,0
1535659984,s3-eth2,30118.00,1232396.00,1262514.00,1232396,30118,407.00,814.00,1221.00,814,407,0.00,0.00,0,0
1535659984,s3-eth1,1232396.00,30118.00,1262514.00,30118,1232396,814.00,407.00,1221.00,407,814,0.00,0.00,0,0
1535659984,total,3787542.00,3787542.00,7575084.00,3787542,3787542,3663.00,3663.00,7326.00,3663,3663,0.00,0.00,0,0
1535659985,s1,0.00,0.00,0.00,0,0,0.00,0.00,0.00,0,0,0.00,0.00,0,0
1535659985,eth0,0.00,0.00,0.00,0,0,0.00,0.00,0.00,0,0,0.00,0.00,0,0
1535659985,eth1,0.00,0.00,0.00,0,0,0.00,0.00,0.00,0,0,0.00,0.00,0,0
1535659985,s2,0.00,0.00,0.00,0,0,0.00,0.00,0.00,0,0,0.00,0.00,0,0
1535659985,s1-eth2,30266.00,1239966.00,1270232.00,1239966,30266,409.00,819.00,1228.00,819,409,0.00,0.00,0,0
1535659985,s1-eth1,1239966.00,30340.00,1270306.00,30340,1239966,819.00,410.00,1229.00,410,819,0.00,0.00,0,0
1535659985,s3,0.00,0.00,0.00,0,0,0.00,0.00,0.00,0,0,0.00,0.00,0,0
1535659985,s2-eth2,30340.00,1241480.00,1271820.00,1241480,30340,410.00,820.00,1230.00,820,410,0.00,0.00,0,0
1535659985,s2-eth1,1239966.00,30266.00,1270232.00,30266,1239966,819.00,409.00,1228.00,409,819,0.00,0.00,0,0
1535659985,lo,172.00,172.00,344.00,172,172,3.00,3.00,6.00,3,3,0.00,0.00,0,0
1535659985,s3-eth2,30340.00,1239966.00,1270306.00,1239966,30340,410.00,819.00,1229.00,819,410,0.00,0.00,0,0
1535659985,s3-eth1,1241480.00,30340.00,1271820.00,30340,1241480,820.00,410.00,1230.00,410,820,0.00,0.00,0,0
1535659985,total,3812530.00,3812530.00,7625060.00,3812530,3812530,3690.00,3690.00,7380.00,3690,3690,0.00,0.00,0,0
1535659986,s1,0.00,0.00,0.00,0,0,0.00,0.00,0.00,0,0,0.00,0.00,0,0
1535659986,eth0,0.00,0.00,0.00,0,0,0.00,0.00,0.00,0,0,0.00,0.00,0,0
1535659986,eth1,0.00,0.00,0.00,0,0,0.00,0.00,0.00,0,0,0.00,0.00,0,0
1535659986,s2,0.00,0.00,0.00,0,0,0.00,0.00,0.00,0,0,0.00,0.00,0,0
1535659986,s1-eth2,30488.00,1247536.00,1278024.00,1247536,30488,412.00,824.00,1236.00,824,412,0.00,0.00,0,0
1535659986,s1-eth1,1247536.00,30488.00,1278024.00,30488,1247536,824.00,412.00,1236.00,412,824,0.00,0.00,0,0
1535659986,s3,0.00,0.00,0.00,0,0,0.00,0.00,0.00,0,0,0.00,0.00,0,0
1535659986,s2-eth2,30488.00,1247536.00,1278024.00,1247536,30488,412.00,824.00,1236.00,824,412,0.00,0.00,0,0
1535659986,s2-eth1,1247536.00,30488.00,1278024.00,30488,1247536,824.00,412.00,1236.00,412,824,0.00,0.00,0,0
1535659986,lo,0.00,0.00,0.00,0,0,0.00,0.00,0.00,0,0,0.00,0.00,0,0
1535659986,s3-eth2,30488.00,1247536.00,1278024.00,1247536,30488,412.00,824.00,1236.00,824,412,0.00,0.00,0,0
1535659986,s3-eth1,1247536.00,30488.00,1278024.00,30488,1247536,824.00,412.00,1236.00,412,824,0.00,0.00,0,0
1535659986,total,3834072.00,3834072.00,7668144.00,3834072,3834072,3708.00,3708.00,7416.00,3708,3708,0.00,0.00,0,0
1535659987,s1,0.00,0.00,0.00,0,0,0.00,0.00,0.00,0,0,0.00,0.00,0,0
1535659987,eth0,0.00,0.00,0.00,0,0,0.00,0.00,0.00,0,0,0.00,0.00,0,0
1535659987,eth1,0.00,0.00,0.00,0,0,0.00,0.00,0.00,0,0,0.00,0.00,0,0
1535659987,s2,0.00,0.00,0.00,0,0,0.00,0.00,0.00,0,0,0.00,0.00,0,0
1535659987,s1-eth2,30562.00,1250564.00,1281126.00,1250564,30562,413.00,826.00,1239.00,826,413,0.00,0.00,0,0
1535659987,s1-eth1,1250564.00,30562.00,1281126.00,30562,1250564,826.00,413.00,1239.00,413,826,0.00,0.00,0,0
1535659987,s3,0.00,0.00,0.00,0,0,0.00,0.00,0.00,0,0,0.00,0.00,0,0
1535659987,s2-eth2,30562.00,1250564.00,1281126.00,1250564,30562,413.00,826.00,1239.00,826,413,0.00,0.00,0,0
1535659987,s2-eth1,1250564.00,30562.00,1281126.00,30562,1250564,826.00,413.00,1239.00,413,826,0.00,0.00,0,0
1535659987,lo,344.00,344.00,688.00,344,344,6.00,6.00,12.00,6,6,0.00,0.00,0,0
1535659987,s3-eth2,30830.00,1250564.00,1281394.00,1250564,30830,413.00,826.00,1239.00,826,413,0.00,0.00,0,0
1535659987,s3-eth1,1250564.00,30562.00,1281126.00,30562,1250564,826.00,413.00,1239.00,413,826,0.00,0.00,0,0
1535659987,total,3843990.00,3843722.00,7687712.00,3843722,3843990,3723.00,3723.00,7446.00,3723,3723,0.00,0.00,0,0
1535659988,s1,0.00,0.00,0.00,0,0,0.00,0.00,0.00,0,0,0.00,0.00,0,0
1535659988,eth0,0.00,0.00,0.00,0,0,0.00,0.00,0.00,0,0,0.00,0.00,0,0
1535659988,eth1,0.00,0.00,0.00,0,0,0.00,0.00,0.00,0,0,0.00,0.00,0,0
1535659988,s2,0.00,0.00,0.00,0,0,0.00,0.00,0.00,0,0,0.00,0.00,0,0
1535659988,s1-eth2,30636.00,1250564.00,1281200.00,1250564,30636,414.00,826.00,1240.00,826,414,0.00,0.00,0,0
1535659988,s1-eth1,1250564.00,30562.00,1281126.00,30562,1250564,826.00,413.00,1239.00,413,826,0.00,0.00,0,0
1535659988,s3,0.00,0.00,0.00,0,0,0.00,0.00,0.00,0,0,0.00,0.00,0,0
1535659988,s2-eth2,30562.00,1250564.00,1281126.00,1250564,30562,413.00,826.00,1239.00,826,413,0.00,0.00,0,0
1535659988,s2-eth1,1250564.00,30636.00,1281200.00,30636,1250564,826.00,414.00,1240.00,414,826,0.00,0.00,0,0
1535659988,lo,0.00,0.00,0.00,0,0,0.00,0.00,0.00,0,0,0.00,0.00,0,0
1535659988,s3-eth2,30636.00,1250564.00,1281200.00,1250564,30636,414.00,826.00,1240.00,826,414,0.00,0.00,0,0
1535659988,s3-eth1,1250564.00,30562.00,1281126.00,30562,1250564,826.00,413.00,1239.00,413,826,0.00,0.00,0,0
1535659988,total,3843526.00,3843452.00,7686978.00,3843452,3843526,3719.00,3718.00,7437.00,3718,3719,0.00,0.00,0,0
1535659989,s1,0.00,0.00,0.00,0,0,0.00,0.00,0.00,0,0,0.00,0.00,0,0
1535659989,eth0,0.00,0.00,0.00,0,0,0.00,0.00,0.00,0,0,0.00,0.00,0,0
1535659989,eth1,0.00,0.00,0.00,0,0,0.00,0.00,0.00,0,0,0.00,0.00,0,0
1535659989,s2,0.00,0.00,0.00,0,0,0.00,0.00,0.00,0,0,0.00,0.00,0,0
1535659989,s1-eth2,30488.00,1246022.00,1276510.00,1246022,30488,412.00,823.00,1235.00,823,412,0.00,0.00,0,0
1535659989,s1-eth1,1246022.00,30488.00,1276510.00,30488,1246022,823.00,412.00,1235.00,412,823,0.00,0.00,0,0
1535659989,s3,0.00,0.00,0.00,0,0,0.00,0.00,0.00,0,0,0.00,0.00,0,0
1535659989,s2-eth2,30488.00,1246022.00,1276510.00,1246022,30488,412.00,823.00,1235.00,823,412,0.00,0.00,0,0
1535659989,s2-eth1,1246022.00,30488.00,1276510.00,30488,1246022,823.00,412.00,1235.00,412,823,0.00,0.00,0,0
1535659989,lo,0.00,0.00,0.00,0,0,0.00,0.00,0.00,0,0,0.00,0.00,0,0
1535659989,s3-eth2,30488.00,1246022.00,1276510.00,1246022,30488,412.00,823.00,1235.00,823,412,0.00,0.00,0,0
1535659989,s3-eth1,1246022.00,30488.00,1276510.00,30488,1246022,823.00,412.00,1235.00,412,823,0.00,0.00,0,0
1535659989,total,3829530.00,3829530.00,7659060.00,3829530,3829530,3705.00,3705.00,7410.00,3705,3705,0.00,0.00,0,0
1535659990,s1,0.00,342.00,342.00,342,0,0.00,1.00,1.00,1,0,0.00,0.00,0,0
1535659990,eth0,0.00,0.00,0.00,0,0,0.00,0.00,0.00,0,0,0.00,0.00,0,0
1535659990,eth1,0.00,0.00,0.00,0,0,0.00,0.00,0.00,0,0,0.00,0.00,0,0
1535659990,s2,0.00,0.00,0.00,0,0,0.00,0.00,0.00,0,0,0.00,0.00,0,0
1535659990,s1-eth2,30266.00,1240308.00,1270574.00,1240308,30266,409.00,820.00,1229.00,820,409,0.00,0.00,0,0
1535659990,s1-eth1,1240308.00,30266.00,1270574.00,30266,1240308,820.00,409.00,1229.00,409,820,0.00,0.00,0,0
1535659990,s3,0.00,0.00,0.00,0,0,0.00,0.00,0.00,0,0,0.00,0.00,0,0
1535659990,s2-eth2,30266.00,1239966.00,1270232.00,1239966,30266,409.00,819.00,1228.00,819,409,0.00,0.00,0,0
1535659990,s2-eth1,1240308.00,30266.00,1270574.00,30266,1240308,820.00,409.00,1229.00,409,820,0.00,0.00,0,0
1535659990,lo,498.00,498.00,996.00,498,498,6.00,6.00,12.00,6,6,0.00,0.00,0,0
1535659990,s3-eth2,30266.00,1239966.00,1270232.00,1239966,30266,409.00,819.00,1228.00,819,409,0.00,0.00,0,0
1535659990,s3-eth1,1239966.00,30266.00,1270232.00,30266,1239966,819.00,409.00,1228.00,409,819,0.00,0.00,0,0
1535659990,total,3811878.00,3811878.00,7623756.00,3811878,3811878,3692.00,3692.00,7384.00,3692,3692,0.00,0.00,0,0
1535659991,s1,0.00,0.00,0.00,0,0,0.00,0.00,0.00,0,0,0.00,0.00,0,0
1535659991,eth0,0.00,0.00,0.00,0,0,0.00,0.00,0.00,0,0,0.00,0.00,0,0
1535659991,eth1,0.00,0.00,0.00,0,0,0.00,0.00,0.00,0,0,0.00,0.00,0,0
1535659991,s2,0.00,0.00,0.00,0,0,0.00,0.00,0.00,0,0,0.00,0.00,0,0
1535659991,s1-eth2,30562.00,1250564.00,1281126.00,1250564,30562,413.00,826.00,1239.00,826,413,0.00,0.00,0,0
1535659991,s1-eth1,1250564.00,30562.00,1281126.00,30562,1250564,826.00,413.00,1239.00,413,826,0.00,0.00,0,0
1535659991,s3,0.00,0.00,0.00,0,0,0.00,0.00,0.00,0,0,0.00,0.00,0,0
1535659991,s2-eth2,30562.00,1250564.00,1281126.00,1250564,30562,413.00,826.00,1239.00,826,413,0.00,0.00,0,0
1535659991,s2-eth1,1250564.00,30562.00,1281126.00,30562,1250564,826.00,413.00,1239.00,413,826,0.00,0.00,0,0
1535659991,lo,0.00,0.00,0.00,0,0,0.00,0.00,0.00,0,0,0.00,0.00,0,0
1535659991,s3-eth2,30562.00,1250564.00,1281126.00,1250564,30562,413.00,826.00,1239.00,826,413,0.00,0.00,0,0
1535659991,s3-eth1,1250564.00,30562.00,1281126.00,30562,1250564,826.00,413.00,1239.00,413,826,0.00,0.00,0,0
1535659991,total,3843378.00,3843378.00,7686756.00,3843378,3843378,3717.00,3717.00,7434.00,3717,3717,0.00,0.00,0,0
1535659992,s1,0.00,0.00,0.00,0,0,0.00,0.00,0.00,0,0,0.00,0.00,0,0
1535659992,eth0,0.00,0.00,0.00,0,0,0.00,0.00,0.00,0,0,0.00,0.00,0,0
1535659992,eth1,0.00,0.00,0.00,0,0,0.00,0.00,0.00,0,0,0.00,0.00,0,0
1535659992,s2,0.00,0.00,0.00,0,0,0.00,0.00,0.00,0,0,0.00,0.00,0,0
1535659992,s1-eth2,30340.00,1242994.00,1273334.00,1242994,30340,410.00,821.00,1231.00,821,410,0.00,0.00,0,0
1535659992,s1-eth1,1242994.00,30414.00,1273408.00,30414,1242994,821.00,411.00,1232.00,411,821,0.00,0.00,0,0
1535659992,s3,0.00,0.00,0.00,0,0,0.00,0.00,0.00,0,0,0.00,0.00,0,0
1535659992,s2-eth2,30414.00,1242994.00,1273408.00,1242994,30414,411.00,821.00,1232.00,821,411,0.00,0.00,0,0
1535659992,s2-eth1,1242994.00,30340.00,1273334.00,30340,1242994,821.00,410.00,1231.00,410,821,0.00,0.00,0,0
1535659992,lo,344.00,344.00,688.00,344,344,6.00,6.00,12.00,6,6,0.00,0.00,0,0
1535659992,s3-eth2,30340.00,1242994.00,1273334.00,1242994,30340,410.00,821.00,1231.00,821,410,0.00,0.00,0,0
1535659992,s3-eth1,1242994.00,30414.00,1273408.00,30414,1242994,821.00,411.00,1232.00,411,821,0.00,0.00,0,0
1535659992,total,3820420.00,3820494.00,7640914.00,3820494,3820420,3700.00,3701.00,7401.00,3701,3700,0.00,0.00,0,0
1535659993,s1,0.00,0.00,0.00,0,0,0.00,0.00,0.00,0,0,0.00,0.00,0,0
1535659993,eth0,0.00,0.00,0.00,0,0,0.00,0.00,0.00,0,0,0.00,0.00,0,0
1535659993,eth1,0.00,0.00,0.00,0,0,0.00,0.00,0.00,0,0,0.00,0.00,0,0
1535659993,s2,0.00,342.00,342.00,342,0,0.00,1.00,1.00,1,0,0.00,0.00,0,0
1535659993,s1-eth2,30756.00,1244508.00,1275264.00,1244508,30756,412.00,822.00,1234.00,822,412,0.00,0.00,0,0
1535659993,s1-eth1,1244508.00,30414.00,1274922.00,30414,1244508,822.00,411.00,1233.00,411,822,0.00,0.00,0,0
1535659993,s3,0.00,342.00,342.00,342,0,0.00,1.00,1.00,1,0,0.00,0.00,0,0
1535659993,s2-eth2,30756.00,1244508.00,1275264.00,1244508,30756,412.00,822.00,1234.00,822,412,0.00,0.00,0,0
1535659993,s2-eth1,1244508.00,30756.00,1275264.00,30756,1244508,822.00,412.00,1234.00,412,822,0.00,0.00,0,0
1535659993,lo,652.00,652.00,1304.00,652,652,6.00,6.00,12.00,6,6,0.00,0.00,0,0
1535659993,s3-eth2,30830.00,1244508.00,1275338.00,1244508,30830,413.00,822.00,1235.00,822,413,0.00,0.00,0,0
1535659993,s3-eth1,1244508.00,30756.00,1275264.00,30756,1244508,822.00,412.00,1234.00,412,822,0.00,0.00,0,0
1535659993,total,3826518.00,3826786.00,7653304.00,3826786,3826518,3709.00,3709.00,7418.00,3709,3709,0.00,0.00,0,0
1535659994,s1,0.00,0.00,0.00,0,0,0.00,0.00,0.00,0,0,0.00,0.00,0,0
1535659994,eth0,0.00,0.00,0.00,0,0,0.00,0.00,0.00,0,0,0.00,0.00,0,0
1535659994,eth1,0.00,0.00,0.00,0,0,0.00,0.00,0.00,0,0,0.00,0.00,0,0
1535659994,s2,0.00,0.00,0.00,0,0,0.00,0.00,0.00,0,0,0.00,0.00,0,0
1535659994,s1-eth2,30044.00,1229368.00,1259412.00,1229368,30044,406.00,812.00,1218.00,812,406,0.00,0.00,0,0
1535659994,s1-eth1,1229368.00,30044.00,1259412.00,30044,1229368,812.00,406.00,1218.00,406,812,0.00,0.00,0,0
1535659994,s3,0.00,0.00,0.00,0,0,0.00,0.00,0.00,0,0,0.00,0.00,0,0
1535659994,s2-eth2,30044.00,1229368.00,1259412.00,1229368,30044,406.00,812.00,1218.00,812,406,0.00,0.00,0,0
1535659994,s2-eth1,1229368.00,30044.00,1259412.00,30044,1229368,812.00,406.00,1218.00,406,812,0.00,0.00,0,0
1535659994,lo,0.00,0.00,0.00,0,0,0.00,0.00,0.00,0,0,0.00,0.00,0,0
1535659994,s3-eth2,29970.00,1229368.00,1259338.00,1229368,29970,405.00,812.00,1217.00,812,405,0.00,0.00,0,0
1535659994,s3-eth1,1229368.00,30044.00,1259412.00,30044,1229368,812.00,406.00,1218.00,406,812,0.00,0.00,0,0
1535659994,total,3778162.00,3778236.00,7556398.00,3778236,3778162,3653.00,3654.00,7307.00,3654,3653,0.00,0.00,0,0
1535659995,s1,0.00,0.00,0.00,0,0,0.00,0.00,0.00,0,0,0.00,0.00,0,0
1535659995,eth0,0.00,0.00,0.00,0,0,0.00,0.00,0.00,0,0,0.00,0.00,0,0
1535659995,eth1,0.00,0.00,0.00,0,0,0.00,0.00,0.00,0,0,0.00,0.00,0,0
1535659995,s2,0.00,0.00,0.00,0,0,0.00,0.00,0.00,0,0,0.00,0.00,0,0
1535659995,s1-eth2,30562.00,1250564.00,1281126.00,1250564,30562,413.00,826.00,1239.00,826,413,0.00,0.00,0,0
1535659995,s1-eth1,1250564.00,30562.00,1281126.00,30562,1250564,826.00,413.00,1239.00,413,826,0.00,0.00,0,0
1535659995,s3,0.00,0.00,0.00,0,0,0.00,0.00,0.00,0,0,0.00,0.00,0,0
1535659995,s2-eth2,30562.00,1250564.00,1281126.00,1250564,30562,413.00,826.00,1239.00,826,413,0.00,0.00,0,0
1535659995,s2-eth1,1250564.00,30562.00,1281126.00,30562,1250564,826.00,413.00,1239.00,413,826,0.00,0.00,0,0
1535659995,lo,172.00,172.00,344.00,172,172,3.00,3.00,6.00,3,3,0.00,0.00,0,0
1535659995,s3-eth2,30562.00,1250564.00,1281126.00,1250564,30562,413.00,826.00,1239.00,826,413,0.00,0.00,0,0
1535659995,s3-eth1,1250564.00,30562.00,1281126.00,30562,1250564,826.00,413.00,1239.00,413,826,0.00,0.00,0,0
1535659995,total,3843550.00,3843550.00,7687100.00,3843550,3843550,3720.00,3720.00,7440.00,3720,3720,0.00,0.00,0,0
1535659996,s1,0.00,342.00,342.00,342,0,0.00,1.00,1.00,1,0,0.00,0.00,0,0
1535659996,eth0,0.00,0.00,0.00,0,0,0.00,0.00,0.00,0,0,0.00,0.00,0,0
1535659996,eth1,0.00,0.00,0.00,0,0,0.00,0.00,0.00,0,0,0.00,0.00,0,0
1535659996,s2,0.00,342.00,342.00,342,0,0.00,1.00,1.00,1,0,0.00,0.00,0,0
1535659996,s1-eth2,30562.00,1249392.00,1279954.00,1249392,30562,413.00,826.00,1239.00,826,413,0.00,0.00,0,0
1535659996,s1-eth1,1249392.00,30562.00,1279954.00,30562,1249392,826.00,413.00,1239.00,413,826,0.00,0.00,0,0
1535659996,s3,0.00,0.00,0.00,0,0,0.00,0.00,0.00,0,0,0.00,0.00,0,0
1535659996,s2-eth2,30562.00,1249392.00,1279954.00,1249392,30562,413.00,826.00,1239.00,826,413,0.00,0.00,0,0
1535659996,s2-eth1,1249392.00,30562.00,1279954.00,30562,1249392,826.00,413.00,1239.00,413,826,0.00,0.00,0,0
1535659996,lo,652.00,652.00,1304.00,652,652,6.00,6.00,12.00,6,6,0.00,0.00,0,0
1535659996,s3-eth2,30562.00,1250564.00,1281126.00,1250564,30562,413.00,826.00,1239.00,826,413,0.00,0.00,0,0
1535659996,s3-eth1,1249392.00,30562.00,1279954.00,30562,1249392,826.00,413.00,1239.00,413,826,0.00,0.00,0,0
1535659996,total,3840514.00,3842370.00,7682884.00,3842370,3840514,3723.00,3725.00,7448.00,3725,3723,0.00,0.00,0,0
1535659997,s1,0.00,0.00,0.00,0,0,0.00,0.00,0.00,0,0,0.00,0.00,0,0
1535659997,eth0,0.00,0.00,0.00,0,0,0.00,0.00,0.00,0,0,0.00,0.00,0,0
1535659997,eth1,0.00,0.00,0.00,0,0,0.00,0.00,0.00,0,0,0.00,0.00,0,0
1535659997,s2,0.00,0.00,0.00,0,0,0.00,0.00,0.00,0,0,0.00,0.00,0,0
1535659997,s1-eth2,30562.00,1250564.00,1281126.00,1250564,30562,413.00,826.00,1239.00,826,413,0.00,0.00,0,0
1535659997,s1-eth1,1250564.00,30488.00,1281052.00,30488,1250564,826.00,412.00,1238.00,412,826,0.00,0.00,0,0
1535659997,s3,0.00,0.00,0.00,0,0,0.00,0.00,0.00,0,0,0.00,0.00,0,0
1535659997,s2-eth2,30562.00,1250564.00,1281126.00,1250564,30562,413.00,826.00,1239.00,826,413,0.00,0.00,0,0
1535659997,s2-eth1,1250564.00,30562.00,1281126.00,30562,1250564,826.00,413.00,1239.00,413,826,0.00,0.00,0,0
1535659997,lo,0.00,0.00,0.00,0,0,0.00,0.00,0.00,0,0,0.00,0.00,0,0
1535659997,s3-eth2,30562.00,1250564.00,1281126.00,1250564,30562,413.00,826.00,1239.00,826,413,0.00,0.00,0,0
1535659997,s3-eth1,1250564.00,30562.00,1281126.00,30562,1250564,826.00,413.00,1239.00,413,826,0.00,0.00,0,0
1535659997,total,3843378.00,3843304.00,7686682.00,3843304,3843378,3717.00,3716.00,7433.00,3716,3717,0.00,0.00,0,0
1535659998,s1,0.00,342.00,342.00,342,0,0.00,1.00,1.00,1,0,0.00,0.00,0,0
1535659998,eth0,0.00,0.00,0.00,0,0,0.00,0.00,0.00,0,0,0.00,0.00,0,0
1535659998,eth1,0.00,0.00,0.00,0,0,0.00,0.00,0.00,0,0,0.00,0.00,0,0
1535659998,s2,0.00,0.00,0.00,0,0,0.00,0.00,0.00,0,0,0.00,0.00,0,0
1535659998,s1-eth2,30562.00,1250906.00,1281468.00,1250906,30562,413.00,827.00,1240.00,827,413,0.00,0.00,0,0
1535659998,s1-eth1,1250906.00,30562.00,1281468.00,30562,1250906,827.00,413.00,1240.00,413,827,0.00,0.00,0,0
1535659998,s3,0.00,0.00,0.00,0,0,0.00,0.00,0.00,0,0,0.00,0.00,0,0
1535659998,s2-eth2,30562.00,1252078.00,1282640.00,1252078,30562,413.00,827.00,1240.00,827,413,0.00,0.00,0,0
1535659998,s2-eth1,1250906.00,30562.00,1281468.00,30562,1250906,827.00,413.00,1240.00,413,827,0.00,0.00,0,0
1535659998,lo,498.00,498.00,996.00,498,498,6.00,6.00,12.00,6,6,0.00,0.00,0,0
1535659998,s3-eth2,30904.00,1250564.00,1281468.00,1250564,30904,414.00,826.00,1240.00,826,414,0.00,0.00,0,0
1535659998,s3-eth1,1252078.00,30562.00,1282640.00,30562,1252078,827.00,413.00,1240.00,413,827,0.00,0.00,0,0
1535659998,total,3846416.00,3846074.00,7692490.00,3846074,3846416,3727.00,3726.00,7453.00,3726,3727,0.00,0.00,0,0
1535659999,s1,0.00,0.00,0.00,0,0,0.00,0.00,0.00,0,0,0.00,0.00,0,0
1535659999,eth0,0.00,0.00,0.00,0,0,0.00,0.00,0.00,0,0,0.00,0.00,0,0
1535659999,eth1,0.00,0.00,0.00,0,0,0.00,0.00,0.00,0,0,0.00,0.00,0,0
1535659999,s2,0.00,0.00,0.00,0,0,0.00,0.00,0.00,0,0,0.00,0.00,0,0
1535659999,s1-eth2,30562.00,1250564.00,1281126.00,1250564,30562,413.00,826.00,1239.00,826,413,0.00,0.00,0,0
1535659999,s1-eth1,1250564.00,30562.00,1281126.00,30562,1250564,826.00,413.00,1239.00,413,826,0.00,0.00,0,0
1535659999,s3,0.00,342.00,342.00,342,0,0.00,1.00,1.00,1,0,0.00,0.00,0,0
1535659999,s2-eth2,30904.00,1250564.00,1281468.00,1250564,30904,414.00,826.00,1240.00,826,414,0.00,0.00,0,0
1535659999,s2-eth1,1250564.00,30562.00,1281126.00,30562,1250564,826.00,413.00,1239.00,413,826,0.00,0.00,0,0
1535659999,lo,326.00,326.00,652.00,326,326,3.00,3.00,6.00,3,3,0.00,0.00,0,0
1535659999,s3-eth2,30904.00,1250564.00,1281468.00,1250564,30904,414.00,826.00,1240.00,826,414,0.00,0.00,0,0
1535659999,s3-eth1,1250564.00,30904.00,1281468.00,30904,1250564,826.00,414.00,1240.00,414,826,0.00,0.00,0,0
1535659999,total,3844388.00,3844388.00,7688776.00,3844388,3844388,3722.00,3722.00,7444.00,3722,3722,0.00,0.00,0,0
1535660000,s1,0.00,0.00,0.00,0,0,0.00,0.00,0.00,0,0,0.00,0.00,0,0
1535660000,eth0,0.00,0.00,0.00,0,0,0.00,0.00,0.00,0,0,0.00,0.00,0,0
1535660000,eth1,0.00,0.00,0.00,0,0,0.00,0.00,0.00,0,0,0.00,0.00,0,0
1535660000,s2,0.00,0.00,0.00,0,0,0.00,0.00,0.00,0,0,0.00,0.00,0,0
1535660000,s1-eth2,30382.00,1243036.00,1273418.00,1243036,30382,411.00,822.00,1233.00,822,411,0.00,0.00,0,0
1535660000,s1-eth1,1243036.00,30456.00,1273492.00,30456,1243036,822.00,412.00,1234.00,412,822,0.00,0.00,0,0
1535660000,s3,0.00,0.00,0.00,0,0,0.00,0.00,0.00,0,0,0.00,0.00,0,0
1535660000,s2-eth2,30382.00,1243036.00,1273418.00,1243036,30382,411.00,822.00,1233.00,822,411,0.00,0.00,0,0
1535660000,s2-eth1,1243036.00,30382.00,1273418.00,30382,1243036,822.00,411.00,1233.00,411,822,0.00,0.00,0,0
1535660000,lo,888.00,888.00,1776.00,888,888,9.00,9.00,18.00,9,9,0.00,0.00,0,0
1535660000,s3-eth2,30456.00,1243036.00,1273492.00,1243036,30456,412.00,822.00,1234.00,822,412,0.00,0.00,0,0
1535660000,s3-eth1,1243036.00,30382.00,1273418.00,30382,1243036,822.00,411.00,1233.00,411,822,0.00,0.00,0,0
1535660000,total,3821216.00,3821216.00,7642432.00,3821216,3821216,3709.00,3709.00,7418.00,3709,3709,0.00,0.00,0,0
1535660001,s1,0.00,0.00,0.00,0,0,0.00,0.00,0.00,0,0,0.00,0.00,0,0
1535660001,eth0,0.00,0.00,0.00,0,0,0.00,0.00,0.00,0,0,0.00,0.00,0,0
1535660001,eth1,0.00,0.00,0.00,0,0,0.00,0.00,0.00,0,0,0.00,0.00,0,0
1535660001,s2,0.00,0.00,0.00,0,0,0.00,0.00,0.00,0,0,0.00,0.00,0,0
1535660001,s1-eth2,30414.00,1244508.00,1274922.00,1244508,30414,411.00,822.00,1233.00,822,411,0.00,0.00,0,0
1535660001,s1-eth1,1244508.00,30414.00,1274922.00,30414,1244508,822.00,411.00,1233.00,411,822,0.00,0.00,0,0
1535660001,s3,0.00,0.00,0.00,0,0,0.00,0.00,0.00,0,0,0.00,0.00,0,0
1535660001,s2-eth2,30414.00,1244508.00,1274922.00,1244508,30414,411.00,822.00,1233.00,822,411,0.00,0.00,0,0
1535660001,s2-eth1,1244508.00,30414.00,1274922.00,30414,1244508,822.00,411.00,1233.00,411,822,0.00,0.00,0,0
1535660001,lo,0.00,0.00,0.00,0,0,0.00,0.00,0.00,0,0,0.00,0.00,0,0
1535660001,s3-eth2,30340.00,1244508.00,1274848.00,1244508,30340,410.00,822.00,1232.00,822,410,0.00,0.00,0,0
1535660001,s3-eth1,1244508.00,30414.00,1274922.00,30414,1244508,822.00,411.00,1233.00,411,822,0.00,0.00,0,0
1535660001,total,3824692.00,3824766.00,7649458.00,3824766,3824692,3698.00,3699.00,7397.00,3699,3698,0.00,0.00,0,0
1535660002,s1,0.00,432.00,432.00,432,0,0.00,2.00,2.00,2,0,0.00,0.00,0,0
1535660002,eth0,988.00,4602.00,5590.00,4602,988,13.00,13.00,26.00,13,13,0.00,0.00,0,0
1535660002,eth1,0.00,0.00,0.00,0,0,0.00,0.00,0.00,0,0,0.00,0.00,0,0
1535660002,s2,0.00,510.00,510.00,510,0,0.00,3.00,3.00,3,0,0.00,0.00,0,0
1535660002,s1-eth2,31072.00,1249482.00,1280554.00,1249482,31072,416.00,827.00,1243.00,827,416,0.00,0.00,0,0
1535660002,s1-eth1,1249992.00,30488.00,1280480.00,30488,1249992,830.00,412.00,1242.00,412,830,0.00,0.00,0,0
1535660002,s3,0.00,510.00,510.00,510,0,0.00,3.00,3.00,3,0,0.00,0.00,0,0
1535660002,s2-eth2,31072.00,1250564.00,1281636.00,1250564,31072,416.00,826.00,1242.00,826,416,0.00,0.00,0,0
1535660002,s2-eth1,1249482.00,31072.00,1280554.00,31072,1249482,827.00,416.00,1243.00,416,827,0.00,0.00,0,0
1535660002,lo,7032.00,7032.00,14064.00,7032,7032,48.00,48.00,96.00,48,48,0.00,0.00,0,0
1535660002,s3-eth2,31072.00,1250564.00,1281636.00,1250564,31072,416.00,826.00,1242.00,826,416,0.00,0.00,0,0
1535660002,s3-eth1,1250564.00,31072.00,1281636.00,31072,1250564,826.00,416.00,1242.00,416,826,0.00,0.00,0,0
1535660002,total,3851274.00,3856328.00,7707602.00,3856328,3851274,3792.00,3792.00,7584.00,3792,3792,0.00,0.00,0,0
1535660003,s1,0.00,690.00,690.00,690,0,0.00,5.00,5.00,5,0,0.00,0.00,0,0
1535660003,eth0,1216.00,5416.00,6632.00,5416,1216,16.00,16.00,32.00,16,16,0.00,0.00,0,0
1535660003,eth1,0.00,92.00,92.00,92,0,0.00,1.00,1.00,1,0,0.00,0.00,0,0
1535660003,s2,0.00,772.00,772.00,772,0,0.00,6.00,6.00,6,0,0.00,0.00,0,0
1535660003,s1-eth2,30664.00,1245198.00,1275862.00,1245198,30664,414.00,827.00,1241.00,827,414,0.00,0.00,0,0
1535660003,s1-eth1,1245538.00,30414.00,1275952.00,30414,1245538,831.00,411.00,1242.00,411,831,0.00,0.00,0,0
1535660003,s3,0.00,760.00,760.00,760,0,0.00,6.00,6.00,6,0,0.00,0.00,0,0
1535660003,s2-eth2,31100.00,1245030.00,1276130.00,1245030,31100,416.00,825.00,1241.00,825,416,0.00,0.00,0,0
1535660003,s2-eth1,1245198.00,30664.00,1275862.00,30664,1245198,827.00,414.00,1241.00,414,827,0.00,0.00,0,0
1535660003,lo,11078.00,11078.00,22156.00,11078,11078,82.00,82.00,164.00,82,82,0.00,0.00,0,0
1535660003,s3-eth2,31774.00,1244508.00,1276282.00,1244508,31774,421.00,822.00,1243.00,822,421,0.00,0.00,0,0
1535660003,s3-eth1,1245030.00,31100.00,1276130.00,31100,1245030,825.00,416.00,1241.00,416,825,0.00,0.00,0,0
1535660003,total,3841598.00,3845722.00,7687320.00,3845722,3841598,3832.00,3831.00,7663.00,3831,3832,0.00,0.00,0,0
1535660004,s1,0.00,328.00,328.00,328,0,0.00,4.00,4.00,4,0,0.00,0.00,0,0
1535660004,eth0,456.00,2031.00,2487.00,2031,456,6.00,6.00,12.00,6,6,0.00,0.00,0,0
1535660004,eth1,0.00,184.00,184.00,184,0,0.00,2.00,2.00,2,0,0.00,0.00,0,0
1535660004,s2,0.00,168.00,168.00,168,0,0.00,2.00,2.00,2,0,0.00,0.00,0,0
1535660004,s1-eth2,30652.00,1250892.00,1281544.00,1250892,30652,414.00,830.00,1244.00,830,414,0.00,0.00,0,0
1535660004,s1-eth1,1249378.00,30562.00,1279940.00,30562,1249378,829.00,413.00,1242.00,413,829,0.00,0.00,0,0
1535660004,s3,0.00,340.00,340.00,340,0,0.00,4.00,4.00,4,0,0.00,0.00,0,0
1535660004,s2-eth2,30902.00,1250642.00,1281544.00,1250642,30902,417.00,827.00,1244.00,827,417,0.00,0.00,0,0
1535660004,s2-eth1,1250892.00,30652.00,1281544.00,30652,1250892,830.00,414.00,1244.00,414,830,0.00,0.00,0,0
1535660004,lo,5135.00,5135.00,10270.00,5135,5135,42.00,42.00,84.00,42,42,0.00,0.00,0,0
1535660004,s3-eth2,31152.00,1250564.00,1281716.00,1250564,31152,420.00,826.00,1246.00,826,420,0.00,0.00,0,0
1535660004,s3-eth1,1250642.00,30902.00,1281544.00,30902,1250642,827.00,417.00,1244.00,417,827,0.00,0.00,0,0
1535660004,total,3849209.00,3852400.00,7701609.00,3852400,3849209,3785.00,3787.00,7572.00,3787,3785,0.00,0.00,0,0
1535660005,s1,0.00,591.41,591.41,592,0,0.00,4.00,4.00,4,0,0.00,0.00,0,0
1535660005,eth0,151.85,676.32,828.17,677,152,2.00,2.00,4.00,2,2,0.00,0.00,0,0
1535660005,eth1,0.00,0.00,0.00,0,0,0.00,0.00,0.00,0,0,0.00,0.00,0,0
1535660005,s2,0.00,591.41,591.41,592,0,0.00,4.00,4.00,4,0,0.00,0.00,0,0
1535660005,s1-eth2,30651.35,1240831.25,1271482.50,1242072,30682,410.59,823.18,1233.77,824,411,0.00,0.00,0,0
1535660005,s1-eth1,1242343.75,30383.62,1272727.25,30414,1243586,824.18,410.59,1234.77,411,825,0.00,0.00,0,0
1535660005,s3,0.00,431.57,431.57,432,0,0.00,2.00,2.00,2,0,0.00,0.00,0,0
1535660005,s2-eth2,30815.19,1240489.50,1271304.75,1241730,30846,412.59,822.18,1234.77,823,413,0.00,0.00,0,0
1535660005,s2-eth1,1240831.25,30651.35,1271482.50,30682,1242072,823.18,410.59,1233.77,411,824,0.00,0.00,0,0
1535660005,lo,3723.28,3723.28,7446.55,3727,3727,33.97,33.97,67.93,34,34,0.00,0.00,0,0
1535660005,s3-eth2,30741.26,1241752.25,1272493.50,1242994,30772,411.59,820.18,1231.77,821,412,0.00,0.00,0,0
1535660005,s3-eth1,1240489.50,30815.19,1271304.75,30846,1241730,822.18,412.59,1234.77,413,823,0.00,0.00,0,0
1535660005,total,3819747.25,3820937.25,7640684.50,3824758,3823567,3740.26,3745.25,7485.51,3749,3744,0.00,0.00,0,0
1535660006,s1,0.00,341.66,341.66,342,0,0.00,1.00,1.00,1,0,0.00,0.00,0,0
1535660006,eth0,152.00,677.00,829.00,677,152,2.00,2.00,4.00,2,2,0.00,0.00,0,0
1535660006,eth1,0.00,0.00,0.00,0,0,0.00,0.00,0.00,0,0,0.00,0.00,0,0
1535660006,s2,0.00,342.00,342.00,342,0,0.00,1.00,1.00,1,0,0.00,0.00,0,0
1535660006,s1-eth2,30266.00,1240308.00,1270574.00,1240308,30266,409.00,820.00,1229.00,820,409,0.00,0.00,0,0
1535660006,s1-eth1,1240650.00,30266.00,1270916.00,30266,1240650,821.00,409.00,1230.00,409,821,0.00,0.00,0,0
1535660006,s3,0.00,342.00,342.00,342,0,0.00,1.00,1.00,1,0,0.00,0.00,0,0
1535660006,s2-eth2,30608.00,1240308.00,1270916.00,1240308,30608,410.00,820.00,1230.00,820,410,0.00,0.00,0,0
1535660006,s2-eth1,1240308.00,30266.00,1270574.00,30266,1240308,820.00,409.00,1229.00,409,820,0.00,0.00,0,0
1535660006,lo,1751.00,1751.00,3502.00,1751,1751,13.00,13.00,26.00,13,13,0.00,0.00,0,0
1535660006,s3-eth2,30950.00,1239966.00,1270916.00,1239966,30950,411.00,819.00,1230.00,819,411,0.00,0.00,0,0
1535660006,s3-eth1,1240308.00,30608.00,1270916.00,30608,1240308,820.00,410.00,1230.00,410,820,0.00,0.00,0,0
1535660006,total,3814993.00,3815176.00,7630169.00,3815176,3814993,3706.00,3705.00,7411.00,3705,3706,0.00,0.00,0,0
1535660007,s1,0.00,0.00,0.00,0,0,0.00,0.00,0.00,0,0,0.00,0.00,0,0
1535660007,eth0,60.00,60.00,120.00,60,60,1.00,1.00,2.00,1,1,0.00,0.00,0,0
1535660007,eth1,0.00,0.00,0.00,0,0,0.00,0.00,0.00,0,0,0.00,0.00,0,0
1535660007,s2,0.00,70.00,70.00,70,0,0.00,1.00,1.00,1,0,0.00,0.00,0,0
1535660007,s1-eth2,30632.00,1250564.00,1281196.00,1250564,30632,414.00,826.00,1240.00,826,414,0.00,0.00,0,0
1535660007,s1-eth1,1250634.00,30562.00,1281196.00,30562,1250634,827.00,413.00,1240.00,413,827,0.00,0.00,0,0
1535660007,s3,0.00,70.00,70.00,70,0,0.00,1.00,1.00,1,0,0.00,0.00,0,0
1535660007,s2-eth2,30632.00,1250564.00,1281196.00,1250564,30632,414.00,826.00,1240.00,826,414,0.00,0.00,0,0
1535660007,s2-eth1,1250564.00,30632.00,1281196.00,30632,1250564,826.00,414.00,1240.00,414,826,0.00,0.00,0,0
1535660007,lo,536.00,536.00,1072.00,536,536,6.00,6.00,12.00,6,6,0.00,0.00,0,0
1535660007,s3-eth2,30632.00,1250564.00,1281196.00,1250564,30632,414.00,826.00,1240.00,826,414,0.00,0.00,0,0
1535660007,s3-eth1,1250564.00,30632.00,1281196.00,30632,1250564,826.00,414.00,1240.00,414,826,0.00,0.00,0,0
1535660007,total,3844254.00,3844254.00,7688508.00,3844254,3844254,3728.00,3728.00,7456.00,3728,3728,0.00,0.00,0,0
1535660008,s1,0.00,70.00,70.00,70,0,0.00,1.00,1.00,1,0,0.00,0.00,0,0
1535660008,eth0,0.00,0.00,0.00,0,0,0.00,0.00,0.00,0,0,0.00,0.00,0,0
1535660008,eth1,0.00,0.00,0.00,0,0,0.00,0.00,0.00,0,0,0.00,0.00,0,0
1535660008,s2,0.00,0.00,0.00,0,0,0.00,0.00,0.00,0,0,0.00,0.00,0,0
1535660008,s1-eth2,30414.00,1243064.00,1273478.00,1243064,30414,411.00,822.00,1233.00,822,411,0.00,0.00,0,0
1535660008,s1-eth1,1243406.00,30340.00,1273746.00,30340,1243406,823.00,410.00,1233.00,410,823,0.00,0.00,0,0
1535660008,s3,0.00,70.00,70.00,70,0,0.00,1.00,1.00,1,0,0.00,0.00,0,0
1535660008,s2-eth2,30410.00,1242994.00,1273404.00,1242994,30410,411.00,821.00,1232.00,821,411,0.00,0.00,0,0
1535660008,s2-eth1,1243064.00,30414.00,1273478.00,30414,1243064,822.00,411.00,1233.00,411,822,0.00,0.00,0,0
1535660008,lo,536.00,536.00,1072.00,536,536,6.00,6.00,12.00,6,6,0.00,0.00,0,0
1535660008,s3-eth2,30554.00,1244508.00,1275062.00,1244508,30554,413.00,822.00,1235.00,822,413,0.00,0.00,0,0
1535660008,s3-eth1,1242994.00,30410.00,1273404.00,30410,1242994,821.00,411.00,1232.00,411,821,0.00,0.00,0,0
1535660008,total,3821378.00,3822406.00,7643784.00,3822406,3821378,3707.00,3705.00,7412.00,3705,3707,0.00,0.00,0,0
1535660009,s1,0.00,70.00,70.00,70,0,0.00,1.00,1.00,1,0,0.00,0.00,0,0
1535660009,eth0,0.00,0.00,0.00,0,0,0.00,0.00,0.00,0,0,0.00,0.00,0,0
1535660009,eth1,0.00,86.00,86.00,86,0,0.00,1.00,1.00,1,0,0.00,0.00,0,0
1535660009,s2,0.00,70.00,70.00,70,0,0.00,1.00,1.00,1,0,0.00,0.00,0,0
1535660009,s1-eth2,30118.00,1233980.00,1264098.00,1233980,30118,407.00,816.00,1223.00,816,407,0.00,0.00,0,0
1535660009,s1-eth1,1233980.00,30192.00,1264172.00,30192,1233980,816.00,408.00,1224.00,408,816,0.00,0.00,0,0
1535660009,s3,0.00,0.00,0.00,0,0,0.00,0.00,0.00,0,0,0.00,0.00,0,0
1535660009,s2-eth2,30192.00,1233980.00,1264172.00,1233980,30192,408.00,816.00,1224.00,816,408,0.00,0.00,0,0
1535660009,s2-eth1,1233980.00,30118.00,1264098.00,30118,1233980,816.00,407.00,1223.00,407,816,0.00,0.00,0,0
1535660009,lo,536.00,536.00,1072.00,536,536,6.00,6.00,12.00,6,6,0.00,0.00,0,0
1535660009,s3-eth2,30118.00,1233910.00,1264028.00,1233910,30118,407.00,815.00,1222.00,815,407,0.00,0.00,0,0
1535660009,s3-eth1,1233980.00,30192.00,1264172.00,30192,1233980,816.00,408.00,1224.00,408,816,0.00,0.00,0,0
1535660009,total,3792904.00,3793134.00,7586038.00,3793134,3792904,3676.00,3679.00,7355.00,3679,3676,0.00,0.00,0,0
1535660010,s1,0.00,0.00,0.00,0,0,0.00,0.00,0.00,0,0,0.00,0.00,0,0
1535660010,eth0,0.00,0.00,0.00,0,0,0.00,0.00,0.00,0,0,0.00,0.00,0,0
1535660010,eth1,0.00,0.00,0.00,0,0,0.00,0.00,0.00,0,0,0.00,0.00,0,0
1535660010,s2,0.00,0.00,0.00,0,0,0.00,0.00,0.00,0,0,0.00,0.00,0,0
1535660010,s1-eth2,30636.00,1250564.00,1281200.00,1250564,30636,414.00,826.00,1240.00,826,414,0.00,0.00,0,0
1535660010,s1-eth1,1250564.00,30636.00,1281200.00,30636,1250564,826.00,414.00,1240.00,414,826,0.00,0.00,0,0
1535660010,s3,0.00,0.00,0.00,0,0,0.00,0.00,0.00,0,0,0.00,0.00,0,0
1535660010,s2-eth2,30636.00,1250564.00,1281200.00,1250564,30636,414.00,826.00,1240.00,826,414,0.00,0.00,0,0
1535660010,s2-eth1,1250564.00,30636.00,1281200.00,30636,1250564,826.00,414.00,1240.00,414,826,0.00,0.00,0,0
1535660010,lo,0.00,0.00,0.00,0,0,0.00,0.00,0.00,0,0,0.00,0.00,0,0
1535660010,s3-eth2,30636.00,1250564.00,1281200.00,1250564,30636,414.00,826.00,1240.00,826,414,0.00,0.00,0,0
1535660010,s3-eth1,1250564.00,30636.00,1281200.00,30636,1250564,826.00,414.00,1240.00,414,826,0.00,0.00,0,0
1535660010,total,3843600.00,3843600.00,7687200.00,3843600,3843600,3720.00,3720.00,7440.00,3720,3720,0.00,0.00,0,0
1535660011,s1,0.00,0.00,0.00,0,0,0.00,0.00,0.00,0,0,0.00,0.00,0,0
1535660011,eth0,0.00,0.00,0.00,0,0,0.00,0.00,0.00,0,0,0.00,0.00,0,0
1535660011,eth1,0.00,0.00,0.00,0,0,0.00,0.00,0.00,0,0,0.00,0.00,0,0
1535660011,s2,0.00,70.00,70.00,70,0,0.00,1.00,1.00,1,0,0.00,0.00,0,0
1535660011,s1-eth2,30336.00,1238452.00,1268788.00,1238452,30336,410.00,818.00,1228.00,818,410,0.00,0.00,0,0
1535660011,s1-eth1,1238522.00,30266.00,1268788.00,30266,1238522,819.00,409.00,1228.00,409,819,0.00,0.00,0,0
1535660011,s3,0.00,70.00,70.00,70,0,0.00,1.00,1.00,1,0,0.00,0.00,0,0
1535660011,s2-eth2,30336.00,1238452.00,1268788.00,1238452,30336,410.00,818.00,1228.00,818,410,0.00,0.00,0,0
1535660011,s2-eth1,1238452.00,30336.00,1268788.00,30336,1238452,818.00,410.00,1228.00,410,818,0.00,0.00,0,0
1535660011,lo,536.00,536.00,1072.00,536,536,6.00,6.00,12.00,6,6,0.00,0.00,0,0
1535660011,s3-eth2,30410.00,1238452.00,1268862.00,1238452,30410,411.00,818.00,1229.00,818,411,0.00,0.00,0,0
1535660011,s3-eth1,1238452.00,30336.00,1268788.00,30336,1238452,818.00,410.00,1228.00,410,818,0.00,0.00,0,0
1535660011,total,3807044.00,3806970.00,7614014.00,3806970,3807044,3692.00,3691.00,7383.00,3691,3692,0.00,0.00,0,0
1535660012,s1,0.00,412.00,412.00,412,0,0.00,2.00,2.00,2,0,0.00,0.00,0,0
1535660012,eth0,0.00,0.00,0.00,0,0,0.00,0.00,0.00,0,0,0.00,0.00,0,0
1535660012,eth1,0.00,0.00,0.00,0,0,0.00,0.00,0.00,0,0,0.00,0.00,0,0
1535660012,s2,0.00,684.00,684.00,684,0,0.00,2.00,2.00,2,0,0.00,0.00,0,0
1535660012,s1-eth2,30904.00,1249462.00,1280366.00,1249462,30904,414.00,827.00,1241.00,827,414,0.00,0.00,0,0
1535660012,s1-eth1,1249462.00,30562.00,1280024.00,30562,1249462,827.00,413.00,1240.00,413,827,0.00,0.00,0,0
1535660012,s3,0.00,412.00,412.00,412,0,0.00,2.00,2.00,2,0,0.00,0.00,0,0
1535660012,s2-eth2,30974.00,1249392.00,1280366.00,1249392,30974,415.00,826.00,1241.00,826,415,0.00,0.00,0,0
1535660012,s2-eth1,1249462.00,30904.00,1280366.00,30904,1249462,827.00,414.00,1241.00,414,827,0.00,0.00,0,0
1535660012,lo,1840.00,1840.00,3680.00,1840,1840,18.00,18.00,36.00,18,18,0.00,0.00,0,0
1535660012,s3-eth2,30970.00,1249050.00,1280020.00,1249050,30970,415.00,825.00,1240.00,825,415,0.00,0.00,0,0
1535660012,s3-eth1,1249392.00,30974.00,1280366.00,30974,1249392,826.00,415.00,1241.00,415,826,0.00,0.00,0,0
1535660012,total,3843004.00,3843692.00,7686696.00,3843692,3843004,3742.00,3744.00,7486.00,3744,3742,0.00,0.00,0,0
1535660013,s1,0.00,412.00,412.00,412,0,0.00,2.00,2.00,2,0,0.00,0.00,0,0
1535660013,eth0,0.00,0.00,0.00,0,0,0.00,0.00,0.00,0,0,0.00,0.00,0,0
1535660013,eth1,0.00,0.00,0.00,0,0,0.00,0.00,0.00,0,0,0.00,0.00,0,0
1535660013,s2,0.00,70.00,70.00,70,0,0.00,1.00,1.00,1,0,0.00,0.00,0,0
1535660013,s1-eth2,30340.00,1240378.00,1270718.00,1240378,30340,410.00,821.00,1231.00,821,410,0.00,0.00,0,0
1535660013,s1-eth1,1241892.00,30340.00,1272232.00,30340,1241892,822.00,410.00,1232.00,410,822,0.00,0.00,0,0
1535660013,s3,0.00,0.00,0.00,0,0,0.00,0.00,0.00,0,0,0.00,0.00,0,0
1535660013,s2-eth2,30340.00,1241550.00,1271890.00,1241550,30340,410.00,821.00,1231.00,821,410,0.00,0.00,0,0
1535660013,s2-eth1,1241892.00,30340.00,1272232.00,30340,1241892,822.00,410.00,1232.00,410,822,0.00,0.00,0,0
1535660013,lo,862.00,862.00,1724.00,862,862,9.00,9.00,18.00,9,9,0.00,0.00,0,0
1535660013,s3-eth2,30682.00,1242994.00,1273676.00,1242994,30682,411.00,821.00,1232.00,821,411,0.00,0.00,0,0
1535660013,s3-eth1,1241550.00,30340.00,1271890.00,30340,1241550,821.00,410.00,1231.00,410,821,0.00,0.00,0,0
1535660013,total,3817558.00,3817286.00,7634844.00,3817286,3817558,3705.00,3705.00,7410.00,3705,3705,0.00,0.00,0,0
1535660014,s1,0.00,0.00,0.00,0,0,0.00,0.00,0.00,0,0,0.00,0.00,0,0
1535660014,eth0,0.00,0.00,0.00,0,0,0.00,0.00,0.00,0,0,0.00,0.00,0,0
1535660014,eth1,0.00,92.00,92.00,92,0,0.00,1.00,1.00,1,0,0.00,0.00,0,0
1535660014,s2,0.00,0.00,0.00,0,0,0.00,0.00,0.00,0,0,0.00,0.00,0,0
1535660014,s1-eth2,30414.00,1246022.00,1276436.00,1246022,30414,411.00,823.00,1234.00,823,411,0.00,0.00,0,0
1535660014,s1-eth1,1246022.00,30414.00,1276436.00,30414,1246022,823.00,411.00,1234.00,411,823,0.00,0.00,0,0
1535660014,s3,0.00,342.00,342.00,342,0,0.00,1.00,1.00,1,0,0.00,0.00,0,0
1535660014,s2-eth2,30756.00,1244508.00,1275264.00,1244508,30756,412.00,822.00,1234.00,822,412,0.00,0.00,0,0
1535660014,s2-eth1,1244508.00,30414.00,1274922.00,30414,1244508,822.00,411.00,1233.00,411,822,0.00,0.00,0,0
1535660014,lo,326.00,326.00,652.00,326,326,3.00,3.00,6.00,3,3,0.00,0.00,0,0
1535660014,s3-eth2,30756.00,1244508.00,1275264.00,1244508,30756,412.00,822.00,1234.00,822,412,0.00,0.00,0,0
1535660014,s3-eth1,1244508.00,30756.00,1275264.00,30756,1244508,822.00,412.00,1234.00,412,822,0.00,0.00,0,0
1535660014,total,3827290.00,3827382.00,7654672.00,3827382,3827290,3705.00,3706.00,7411.00,3706,3705,0.00,0.00,0,0
1535660015,s1,0.00,0.00,0.00,0,0,0.00,0.00,0.00,0,0,0.00,0.00,0,0
1535660015,eth0,0.00,0.00,0.00,0,0,0.00,0.00,0.00,0,0,0.00,0.00,0,0
1535660015,eth1,0.00,92.00,92.00,92,0,0.00,1.00,1.00,1,0,0.00,0.00,0,0
1535660015,s2,0.00,0.00,0.00,0,0,0.00,0.00,0.00,0,0,0.00,0.00,0,0
1535660015,s1-eth2,30414.00,1244508.00,1274922.00,1244508,30414,411.00,822.00,1233.00,822,411,0.00,0.00,0,0
1535660015,s1-eth1,1243336.00,30340.00,1273676.00,30340,1243336,822.00,410.00,1232.00,410,822,0.00,0.00,0,0
1535660015,s3,0.00,0.00,0.00,0,0,0.00,0.00,0.00,0,0,0.00,0.00,0,0
1535660015,s2-eth2,30340.00,1244508.00,1274848.00,1244508,30340,410.00,822.00,1232.00,822,410,0.00,0.00,0,0
1535660015,s2-eth1,1244508.00,30414.00,1274922.00,30414,1244508,822.00,411.00,1233.00,411,822,0.00,0.00,0,0
1535660015,lo,0.00,0.00,0.00,0,0,0.00,0.00,0.00,0,0,0.00,0.00,0,0
1535660015,s3-eth2,30414.00,1244508.00,1274922.00,1244508,30414,411.00,822.00,1233.00,822,411,0.00,0.00,0,0
1535660015,s3-eth1,1244508.00,30340.00,1274848.00,30340,1244508,822.00,410.00,1232.00,410,822,0.00,0.00,0,0
1535660015,total,3823520.00,3824710.00,7648230.00,3824710,3823520,3698.00,3698.00,7396.00,3698,3698,0.00,0.00,0,0
1535660016,s1,0.00,0.00,0.00,0,0,0.00,0.00,0.00,0,0,0.00,0.00,0,0
1535660016,eth0,0.00,0.00,0.00,0,0,0.00,0.00,0.00,0,0,0.00,0.00,0,0
1535660016,eth1,0.00,92.00,92.00,92,0,0.00,1.00,1.00,1,0,0.00,0.00,0,0
1535660016,s2,0.00,0.00,0.00,0,0,0.00,0.00,0.00,0,0,0.00,0.00,0,0
1535660016,s1-eth2,21398.00,863864.00,885262.00,863864,21398,289.00,574.00,863.00,574,289,0.00,0.00,0,0
1535660016,s1-eth1,866892.00,21398.00,888290.00,21398,866892,576.00,289.00,865.00,289,576,0.00,0.00,0,0
1535660016,s3,0.00,0.00,0.00,0,0,0.00,0.00,0.00,0,0,0.00,0.00,0,0
1535660016,s2-eth2,21472.00,853266.00,874738.00,853266,21472,290.00,567.00,857.00,567,290,0.00,0.00,0,0
1535660016,s2-eth1,863864.00,21398.00,885262.00,21398,863864,574.00,289.00,863.00,289,574,0.00,0.00,0,0
1535660016,lo,0.00,0.00,0.00,0,0,0.00,0.00,0.00,0,0,0.00,0.00,0,0
1535660016,s3-eth2,21472.00,844182.00,865654.00,844182,21472,290.00,561.00,851.00,561,290,0.00,0.00,0,0
1535660016,s3-eth1,853266.00,21472.00,874738.00,21472,853266,567.00,290.00,857.00,290,567,0.00,0.00,0,0
1535660016,total,2648364.00,2625672.00,5274036.00,2625672,2648364,2586.00,2571.00,5157.00,2571,2586,0.00,0.00,0,0
1535660017,s1,0.00,0.00,0.00,0,0,0.00,0.00,0.00,0,0,0.00,0.00,0,0
1535660017,eth0,0.00,0.00,0.00,0,0,0.00,0.00,0.00,0,0,0.00,0.00,0,0
1535660017,eth1,0.00,0.00,0.00,0,0,0.00,0.00,0.00,0,0,0.00,0.00,0,0
1535660017,s2,0.00,0.00,0.00,0,0,0.00,0.00,0.00,0,0,0.00,0.00,0,0
1535660017,s1-eth2,0.00,0.00,0.00,0,0,0.00,0.00,0.00,0,0,0.00,0.00,0,0
1535660017,s1-eth1,0.00,0.00,0.00,0,0,0.00,0.00,0.00,0,0,0.00,0.00,0,0
1535660017,s3,0.00,0.00,0.00,0,0,0.00,0.00,0.00,0,0,0.00,0.00,0,0
1535660017,s2-eth2,0.00,0.00,0.00,0,0,0.00,0.00,0.00,0,0,0.00,0.00,0,0
1535660017,s2-eth1,0.00,0.00,0.00,0,0,0.00,0.00,0.00,0,0,0.00,0.00,0,0
1535660017,lo,172.00,172.00,344.00,172,172,3.00,3.00,6.00,3,3,0.00,0.00,0,0
1535660017,s3-eth2,0.00,0.00,0.00,0,0,0.00,0.00,0.00,0,0,0.00,0.00,0,0
1535660017,s3-eth1,0.00,0.00,0.00,0,0,0.00,0.00,0.00,0,0,0.00,0.00,0,0
1535660017,total,172.00,172.00,344.00,172,172,3.00,3.00,6.00,3,3,0.00,0.00,0,0
1535660018,s1,0.00,0.00,0.00,0,0,0.00,0.00,0.00,0,0,0.00,0.00,0,0
1535660018,eth0,0.00,0.00,0.00,0,0,0.00,0.00,0.00,0,0,0.00,0.00,0,0
1535660018,eth1,0.00,0.00,0.00,0,0,0.00,0.00,0.00,0,0,0.00,0.00,0,0
1535660018,s2,0.00,0.00,0.00,0,0,0.00,0.00,0.00,0,0,0.00,0.00,0,0
1535660018,s1-eth2,0.00,0.00,0.00,0,0,0.00,0.00,0.00,0,0,0.00,0.00,0,0
1535660018,s1-eth1,0.00,0.00,0.00,0,0,0.00,0.00,0.00,0,0,0.00,0.00,0,0
1535660018,s3,0.00,0.00,0.00,0,0,0.00,0.00,0.00,0,0,0.00,0.00,0,0
1535660018,s2-eth2,0.00,0.00,0.00,0,0,0.00,0.00,0.00,0,0,0.00,0.00,0,0
1535660018,s2-eth1,0.00,0.00,0.00,0,0,0.00,0.00,0.00,0,0,0.00,0.00,0,0
1535660018,lo,172.00,172.00,344.00,172,172,3.00,3.00,6.00,3,3,0.00,0.00,0,0
1535660018,s3-eth2,342.00,0.00,342.00,0,342,1.00,0.00,1.00,0,1,0.00,0.00,0,0
1535660018,s3-eth1,0.00,0.00,0.00,0,0,0.00,0.00,0.00,0,0,0.00,0.00,0,0
1535660018,total,514.00,172.00,686.00,172,514,4.00,3.00,7.00,3,4,0.00,0.00,0,0
1535660019,s1,0.00,0.00,0.00,0,0,0.00,0.00,0.00,0,0,0.00,0.00,0,0
1535660019,eth0,0.00,0.00,0.00,0,0,0.00,0.00,0.00,0,0,0.00,0.00,0,0
1535660019,eth1,0.00,0.00,0.00,0,0,0.00,0.00,0.00,0,0,0.00,0.00,0,0
1535660019,s2,0.00,0.00,0.00,0,0,0.00,0.00,0.00,0,0,0.00,0.00,0,0
1535660019,s1-eth2,0.00,0.00,0.00,0,0,0.00,0.00,0.00,0,0,0.00,0.00,0,0
1535660019,s1-eth1,0.00,0.00,0.00,0,0,0.00,0.00,0.00,0,0,0.00,0.00,0,0
1535660019,s3,0.00,0.00,0.00,0,0,0.00,0.00,0.00,0,0,0.00,0.00,0,0
1535660019,s2-eth2,0.00,0.00,0.00,0,0,0.00,0.00,0.00,0,0,0.00,0.00,0,0
1535660019,s2-eth1,0.00,0.00,0.00,0,0,0.00,0.00,0.00,0,0,0.00,0.00,0,0
1535660019,lo,171.66,171.66,343.31,172,172,2.99,2.99,5.99,3,3,0.00,0.00,0,0
1535660019,s3-eth2,0.00,0.00,0.00,0,0,0.00,0.00,0.00,0,0,0.00,0.00,0,0
1535660019,s3-eth1,0.00,0.00,0.00,0,0,0.00,0.00,0.00,0,0,0.00,0.00,0,0
1535660019,total,171.66,171.66,343.31,172,172,2.99,2.99,5.99,3,3,0.00,0.00,0,0
1535660020,s1,0.00,0.00,0.00,0,0,0.00,0.00,0.00,0,0,0.00,0.00,0,0
1535660020,eth0,0.00,0.00,0.00,0,0,0.00,0.00,0.00,0,0,0.00,0.00,0,0
1535660020,eth1,0.00,0.00,0.00,0,0,0.00,0.00,0.00,0,0,0.00,0.00,0,0
1535660020,s2,0.00,0.00,0.00,0,0,0.00,0.00,0.00,0,0,0.00,0.00,0,0
1535660020,s1-eth2,0.00,0.00,0.00,0,0,0.00,0.00,0.00,0,0,0.00,0.00,0,0
1535660020,s1-eth1,0.00,0.00,0.00,0,0,0.00,0.00,0.00,0,0,0.00,0.00,0,0
1535660020,s3,0.00,0.00,0.00,0,0,0.00,0.00,0.00,0,0,0.00,0.00,0,0
1535660020,s2-eth2,0.00,0.00,0.00,0,0,0.00,0.00,0.00,0,0,0.00,0.00,0,0
1535660020,s2-eth1,0.00,0.00,0.00,0,0,0.00,0.00,0.00,0,0,0.00,0.00,0,0
1535660020,lo,0.00,0.00,0.00,0,0,0.00,0.00,0.00,0,0,0.00,0.00,0,0
1535660020,s3-eth2,0.00,0.00,0.00,0,0,0.00,0.00,0.00,0,0,0.00,0.00,0,0
1535660020,s3-eth1,0.00,0.00,0.00,0,0,0.00,0.00,0.00,0,0,0.00,0.00,0,0
1535660020,total,0.00,0.00,0.00,0,0,0.00,0.00,0.00,0,0,0.00,0.00,0,0
1535660021,s1,0.00,0.00,0.00,0,0,0.00,0.00,0.00,0,0,0.00,0.00,0,0
1535660021,eth0,0.00,0.00,0.00,0,0,0.00,0.00,0.00,0,0,0.00,0.00,0,0
1535660021,eth1,0.00,0.00,0.00,0,0,0.00,0.00,0.00,0,0,0.00,0.00,0,0
1535660021,s2,0.00,0.00,0.00,0,0,0.00,0.00,0.00,0,0,0.00,0.00,0,0
1535660021,s1-eth2,0.00,0.00,0.00,0,0,0.00,0.00,0.00,0,0,0.00,0.00,0,0
1535660021,s1-eth1,0.00,0.00,0.00,0,0,0.00,0.00,0.00,0,0,0.00,0.00,0,0
1535660021,s3,0.00,0.00,0.00,0,0,0.00,0.00,0.00,0,0,0.00,0.00,0,0
1535660021,s2-eth2,0.00,0.00,0.00,0,0,0.00,0.00,0.00,0,0,0.00,0.00,0,0
1535660021,s2-eth1,0.00,0.00,0.00,0,0,0.00,0.00,0.00,0,0,0.00,0.00,0,0
1535660021,lo,0.00,0.00,0.00,0,0,0.00,0.00,0.00,0,0,0.00,0.00,0,0
1535660021,s3-eth2,0.00,0.00,0.00,0,0,0.00,0.00,0.00,0,0,0.00,0.00,0,0
1535660021,s3-eth1,0.00,0.00,0.00,0,0,0.00,0.00,0.00,0,0,0.00,0.00,0,0
1535660021,total,0.00,0.00,0.00,0,0,0.00,0.00,0.00,0,0,0.00,0.00,0,0
1535660022,s1,0.00,0.00,0.00,0,0,0.00,0.00,0.00,0,0,0.00,0.00,0,0
1535660022,eth0,0.00,0.00,0.00,0,0,0.00,0.00,0.00,0,0,0.00,0.00,0,0
1535660022,eth1,0.00,0.00,0.00,0,0,0.00,0.00,0.00,0,0,0.00,0.00,0,0
1535660022,s2,0.00,0.00,0.00,0,0,0.00,0.00,0.00,0,0,0.00,0.00,0,0
1535660022,s1-eth2,0.00,0.00,0.00,0,0,0.00,0.00,0.00,0,0,0.00,0.00,0,0
1535660022,s1-eth1,0.00,0.00,0.00,0,0,0.00,0.00,0.00,0,0,0.00,0.00,0,0
1535660022,s3,0.00,342.00,342.00,342,0,0.00,1.00,1.00,1,0,0.00,0.00,0,0
1535660022,s2-eth2,342.00,0.00,342.00,0,342,1.00,0.00,1.00,0,1,0.00,0.00,0,0
1535660022,s2-eth1,0.00,0.00,0.00,0,0,0.00,0.00,0.00,0,0,0.00,0.00,0,0
1535660022,lo,498.00,498.00,996.00,498,498,6.00,6.00,12.00,6,6,0.00,0.00,0,0
1535660022,s3-eth2,342.00,0.00,342.00,0,342,1.00,0.00,1.00,0,1,0.00,0.00,0,0
1535660022,s3-eth1,0.00,342.00,342.00,342,0,0.00,1.00,1.00,1,0,0.00,0.00,0,0
1535660022,total,1182.00,1182.00,2364.00,1182,1182,8.00,8.00,16.00,8,8,0.00,0.00,0,0
1535660023,s1,0.00,0.00,0.00,0,0,0.00,0.00,0.00,0,0,0.00,0.00,0,0
1535660023,eth0,0.00,0.00,0.00,0,0,0.00,0.00,0.00,0,0,0.00,0.00,0,0
1535660023,eth1,0.00,0.00,0.00,0,0,0.00,0.00,0.00,0,0,0.00,0.00,0,0
1535660023,s2,0.00,342.00,342.00,342,0,0.00,1.00,1.00,1,0,0.00,0.00,0,0
1535660023,s1-eth2,342.00,0.00,342.00,0,342,1.00,0.00,1.00,0,1,0.00,0.00,0,0
1535660023,s1-eth1,0.00,0.00,0.00,0,0,0.00,0.00,0.00,0,0,0.00,0.00,0,0
1535660023,s3,0.00,342.00,342.00,342,0,0.00,1.00,1.00,1,0,0.00,0.00,0,0
1535660023,s2-eth2,342.00,0.00,342.00,0,342,1.00,0.00,1.00,0,1,0.00,0.00,0,0
1535660023,s2-eth1,0.00,342.00,342.00,342,0,0.00,1.00,1.00,1,0,0.00,0.00,