1540439476.949036,0
1540439477.019060,0
1540439477.057465,0
1540439477.082004,0
1540439477.115069,0
1540439477.143578,0
1540439477.161033,0
1540439477.193182,0
1540439477.221021,0
1540439477.260417,0
1540439477.286567,0
1540439477.301914,0
1540439477.340058,0
1540439477.361084,0
1540439477.382932,0
1540439477.402721,0
1540439477.421588,0
1540439477.437329,0
1540439477.454553,0
1540439477.471794,0
1540439477.497402,0
1540439477.517383,0
1540439477.535687,0
1540439477.552028,0
1540439477.570214,0
1540439477.587090,0
1540439477.603626,0
1540439477.620134,0
1540439477.637475,0
1540439477.654476,0
1540439477.671311,0
1540439477.687093,0
1540439477.702290,0
1540439477.717511,0
1540439477.735779,0
1540439477.751031,0
1540439477.778254,0
1540439477.809512,0
1540439477.837937,0
1540439477.876060,0
1540439477.892869,0
1540439477.908740,0
1540439477.931450,0
1540439477.947469,0
1540439477.968641,0
1540439477.983646,0
1540439477.999556,1
1540439478.014508,0
1540439478.032881,0
1540439478.060300,0
1540439478.104073,0
1540439478.120440,0
1540439478.139406,0
1540439478.155577,0
1540439478.170736,0
1540439478.186172,0
1540439478.202936,0
1540439478.218990,0
1540439478.236279,0
1540439478.252433,0
1540439478.268153,0
1540439478.285501,0
1540439478.305543,0
1540439478.320992,0
1540439478.338170,0
1540439478.353640,0
1540439478.382496,0
1540439478.412391,0
1540439478.428374,0
1540439478.463528,0
1540439478.516384,0
1540439478.547459,0
1540439478.595943,0
1540439478.649231,0
1540439478.694460,0
1540439478.736069,0
1540439478.770672,0
1540439478.788792,0
1540439478.806894,0
1540439478.824884,0
1540439478.844707,0
1540439478.862274,0
1540439478.878960,0
1540439478.894688,0
1540439478.909892,0
1540439478.925954,0
1540439478.942103,0
1540439478.959550,0
1540439478.978424,0
1540439478.993992,0
1540439479.011909,0
1540439479.030697,0
1540439479.052931,0
1540439479.079108,0
1540439479.114997,0
1540439479.142628,0
1540439479.159053,0
1540439479.181385,0
1540439479.198127,0
1540439479.213932,0
1540439479.229568,0
1540439479.246459,0
1540439479.262706,0
1540439479.280567,0
1540439479.298950,0
1540439479.314842,0
1540439479.330945,0
1540439479.346464,0
1540439479.364328,0
1540439479.380916,0
1540439479.396369,0
1540439479.411383,0
1540439479.429904,0
1540439479.448470,0
1540439479.465624,0
1540439479.482942,0
1540439479.499155,0
1540439479.523405,0
1540439479.560293,0
1540439479.576093,0
1540439479.598792,0
1540439479.619898,0
1540439479.637457,0
1540439479.657392,0
1540439479.673602,0
1540439479.690143,0
1540439479.706855,0
1540439479.722382,0
1540439479.739309,0
1540439479.758443,0
1540439479.774192,0
1540439479.789030,0
1540439479.804463,0
1540439479.820967,0
1540439479.836414,0
1540439479.851737,0
1540439479.866695,0
1540439479.883520,0
1540439479.898648,0
1540439479.914784,0
1540439479.933188,0
1540439479.950023,0
1540439479.975585,0
1540439479.990845,0
1540439480.008629,0
1540439480.050240,0
1540439480.102286,0
1540439480.140329,0
1540439480.185229,0
1540439480.200538,0
1540439480.219499,0
1540439480.235002,0
1540439480.250407,0
1540439480.265609,0
1540439480.284512,0
1540439480.304260,0
1540439480.321844,0
1540439480.337970,0
1540439480.353599,0
1540439480.369251,0
1540439480.392682,0
1540439480.408576,0
1540439480.425066,0
1540439480.441593,0
1540439480.457415,0
1540439480.472737,0
1540439480.491168,0
1540439480.508831,0
1540439480.524504,0
1540439480.539532,0
1540439480.555355,0
1540439480.592455,0
1540439480.623854,0
1540439480.639154,0
1540439480.662613,0
1540439480.680288,0
1540439480.698950,0
1540439480.718824,0
1540439480.734856,0
1540439480.750647,0
1540439480.766990,0
1540439480.784125,0
1540439480.801773,0
1540439480.817835,0
1540439480.834126,0
1540439480.849105,0
1540439480.867951,0
1540439480.885609,0
1540439480.901529,0
1540439480.918344,0
1540439480.933290,0
1540439480.950728,0
1540439480.977028,0
1540439480.993965,0
1540439481.013145,0
1540439481.030392,0
1540439481.047044,0
1540439481.080179,0
1540439481.112484,0
1540439481.156675,0
1540439481.211491,0
1540439481.252567,0
1540439481.304019,0
1540439481.328239,0
1540439481.361296,0
1540439481.388298,0
1540439481.476305,12
1540439481.528543,19
1540439481.592398,27
1540439481.630261,29
1540439481.654555,29
1540439481.678758,29
1540439481.705460,30
1540439481.730488,30
1540439481.755384,30
1540439481.777928,30
1540439481.810737,31
1540439481.840863,31
1540439481.857320,31
1540439481.872718,32
1540439481.889615,32
1540439481.905060,32
1540439481.922951,32
1540439481.939574,32
1540439481.955516,32
1540439481.971029,33
1540439481.987350,33
1540439482.024555,33
1540439482.040757,33
1540439482.058837,34
1540439482.074194,34
1540439482.090032,34
1540439482.117702,34
1540439482.172403,35
1540439482.188497,35
1540439482.203977,35
1540439482.220335,35
1540439482.236172,36
1540439482.252144,36
1540439482.270338,36
1540439482.286082,36
1540439482.301758,36
1540439482.319143,37
1540439482.333957,37
1540439482.350252,37
1540439482.371052,36
1540439482.387631,37
1540439482.406158,38
1540439482.423420,38
1540439482.440009,38
1540439482.455599,38
1540439482.474661,37
1540439482.490535,37
1540439482.506687,39
1540439482.523896,38
1540439482.539533,38
1540439482.556513,39
1540439482.575546,39
1540439482.590673,40
1540439482.625159,39
1540439482.646328,39
1540439482.664020,40
1540439482.687721,41
1540439482.703325,41
1540439482.720738,41
1540439482.739216,41
1540439482.755593,41
1540439482.771188,42
1540439482.787296,42
1540439482.809621,42
1540439482.826574,42
1540439482.844973,41
1540439482.860257,43
1540439482.875663,43
1540439482.892841,43
1540439482.910177,42
1540439482.927644,43
1540439482.945890,45
1540439482.962147,45
1540439482.978715,45
1540439482.995256,45
1540439483.015958,44
1540439483.033292,46
1540439483.051526,46
1540439483.067016,46
1540439483.083640,46
1540439483.100362,46
1540439483.125702,47
1540439483.151937,46
1540439483.184557,47
1540439483.224924,48
1540439483.267036,47
1540439483.283672,46
1540439483.301261,48
1540439483.318342,47
1540439483.333900,47
1540439483.349536,47
1540439483.366777,48
1540439483.383971,49
1540439483.398793,49
1540439483.416561,49
1540439483.432351,49
1540439483.455499,48
1540439483.474067,50
1540439483.490618,50
1540439483.507460,50
1540439483.524515,50
1540439483.540092,50
1540439483.557208,50
1540439483.575690,50
1540439483.593025,51
1540439483.609308,51
1540439483.626612,51
1540439483.642090,51
1540439483.657782,52
1540439483.677060,52
1540439483.694314,52
1540439483.709752,52
1540439483.725419,52
1540439483.741455,53
1540439483.759122,53
1540439483.773775,53
1540439483.788859,53
1540439483.816043,53
1540439483.850252,53
1540439483.866557,54
1540439483.891885,54
1540439483.907995,54
1540439483.926402,55
1540439483.943298,55
1540439483.959046,55
1540439483.974492,55
1540439483.999460,55
1540439484.022770,56
1540439484.040272,56
1540439484.055857,56
1540439484.073160,56
1540439484.089570,56
1540439484.115765,56
1540439484.141332,57
1540439484.183240,56
1540439484.207242,58
1540439484.223536,58
1540439484.241851,58
1540439484.261418,57
1540439484.278910,59
1540439484.295160,58
1540439484.310653,58
1540439484.331046,59
1540439484.347208,59
1540439484.364763,60
1540439484.380505,60
1540439484.396913,60
1540439484.436786,60
1540439484.459753,61
1540439484.478888,60
1540439484.495460,60
1540439484.515736,61
1540439484.534101,61
1540439484.555272,62
1540439484.575563,61
1540439484.592580,61
1540439484.607853,61
1540439484.624968,61
1540439484.639930,62
1540439484.663191,63
1540439484.681298,62
1540439484.698679,63
1540439484.716408,64
1540439484.732366,64
1540439484.747858,64
1540439484.764604,64
1540439484.782882,64
1540439484.800518,64
1540439484.815950,65
1540439484.833387,65
1540439484.849630,65
1540439484.866073,64
1540439484.884855,65
1540439484.903271,66
1540439484.919901,66
1540439484.936619,66
1540439484.952485,66
1540439484.970673,65
1540439484.989280,67
1540439485.005786,67
1540439485.053738,67
1540439485.072850,68
1540439485.101757,67
1540439485.120903,68
1540439485.143870,68
1540439485.176022,69
1540439485.213227,68
1540439485.230767,68
1540439485.247429,68
1540439485.264834,70
1540439485.281512,70
1540439485.302612,70
1540439485.318936,69
1540439485.334291,69
1540439485.350026,71
1540439485.366774,71
1540439485.382531,71
1540439485.398116,72
1540439485.413517,72
1540439485.433015,73
1540439485.448844,72
1540439485.464705,72
1540439485.480634,72
1540439485.497072,72
1540439485.512656,72
1540439485.528641,73
1540439485.544511,73
1540439485.561878,73
1540439485.577791,73
1540439485.594283,74
1540439485.617686,75
1540439485.647261,75
1540439485.663794,75
1540439485.679462,75
1540439485.695038,76
1540439485.710167,76
1540439485.725991,76
1540439485.744660,76
1540439485.761151,76
1540439485.776555,76
1540439485.792136,77
1540439485.808115,77
1540439485.823734,77
1540439485.839060,77
1540439485.855076,77
1540439485.872493,78
1540439485.888349,78
1540439485.904058,78
1540439485.921098,78
1540439485.937363,77
1540439485.953045,77
1540439485.969663,78
1540439485.986487,78
1540439486.002508,78
1540439486.017776,78
1540439486.041516,78
1540439486.057983,79
1540439486.074827,79
1540439486.091837,79
1540439486.107742,79
1540439486.123784,79
1540439486.148162,80
1540439486.172511,80
1540439486.207200,80
1540439486.265472,81
1540439486.290329,80
1540439486.332081,82
1540439486.365464,82
1540439486.382257,82
1540439486.398778,82
1540439486.417899,82
1540439486.434112,82
1540439486.450496,82
1540439486.467904,83
1540439486.484202,83
1540439486.499241,83
1540439486.521687,84
1540439486.537719,84
1540439486.554675,83
1540439486.573009,84
1540439486.589231,85
1540439486.604964,84
1540439486.621439,85
1540439486.639392,85
1540439486.657161,85
1540439486.672866,86
1540439486.689938,86
1540439486.705593,86
1540439486.722727,86
1540439486.738365,86
1540439486.755019,86
1540439486.770529,87
1540439486.787479,87
1540439486.805686,86
1540439486.839994,87
1540439486.858683,88
1540439486.876827,87
1540439486.892219,88
1540439486.909943,87
1540439486.925581,87
1540439486.941333,88
1540439486.958849,88
1540439486.996122,88
1540439487.015438,88
1540439487.032428,89
1540439487.048834,89
1540439487.065924,89
1540439487.083372,90
1540439487.101401,90
1540439487.118250,91
1540439487.144436,91
1540439487.170155,90
1540439487.196892,91
1540439487.228658,93
1540439487.247372,93
1540439487.263953,93
1540439487.283216,93
1540439487.298833,93
1540439487.315944,95
1540439487.333693,95
1540439487.350163,95
1540439487.367329,96
1540439487.385496,96
1540439487.401894,97
1540439487.436520,97
1540439487.458159,98
1540439487.482541,97
1540439487.500535,98
1540439487.517709,98
1540439487.537381,100
1540439487.554402,100
1540439487.571575,100
1540439487.589005,100
1540439487.604835,99
1540439487.624759,100
1540439487.642829,100
1540439487.660126,100
1540439487.675857,100
1540439487.692536,100
1540439487.708233,100
1540439487.725320,100
1540439487.745350,100
1540439487.762861,100
1540439487.778540,100
1540439487.794048,100
1540439487.809880,100
1540439487.827544,100
1540439487.843785,100
1540439487.858582,100
1540439487.874198,100
1540439487.892085,100
1540439487.908849,100
1540439487.924682,100
1540439487.940369,100
1540439487.956668,100
1540439487.974136,100
1540439487.991430,100
1540439488.008389,99
1540439488.040981,100
1540439488.073749,99
1540439488.090088,99
1540439488.105418,99
1540439488.121802,99
1540439488.138401,99
1540439488.156043,99
1540439488.183993,100
1540439488.208861,100
1540439488.248959,100
1540439488.274650,99
1540439488.290111,100
1540439488.309163,99
1540439488.326654,100
1540439488.341670,100
1540439488.358400,100
1540439488.378749,100
1540439488.394091,99
1540439488.411447,99
1540439488.431141,98
1540439488.449093,98
1540439488.464800,97
1540439488.482564,97
1540439488.502227,95
1540439488.517346,95
1540439488.535590,94
1540439488.551655,94
1540439488.567636,92
1540439488.585009,93
1540439488.602661,92
1540439488.639526,90
1540439488.664565,89
1540439488.682332,89
1540439488.702629,88
1540439488.717714,88
1540439488.733109,87
1540439488.748464,87
1540439488.765751,86
1540439488.781836,85
1540439488.796680,85
1540439488.812377,84
1540439488.829200,83
1540439488.845396,83
1540439488.860943,83
1540439488.876756,81
1540439488.894145,81
1540439488.909901,81
1540439488.925352,80
1540439488.941797,79
1540439488.957829,79
1540439488.974474,78
1540439488.989591,79
1540439489.006308,81
1540439489.022616,80
1540439489.038317,81
1540439489.057696,83
1540439489.081453,84
1540439489.107822,84
1540439489.132386,85
1540439489.148108,84
1540439489.173691,85
1540439489.198740,89
1540439489.234587,90
1540439489.278550,90
1540439489.296417,90
1540439489.313990,89
1540439489.329962,89
1540439489.345449,90
1540439489.363016,89
1540439489.378937,89
1540439489.394728,89
1540439489.410515,90
1540439489.426136,89
1540439489.441964,89
1540439489.457988,90
1540439489.477476,90
1540439489.494013,89
1540439489.509397,89
1540439489.524820,90
1540439489.540588,90
1540439489.557532,90
1540439489.572622,90
1540439489.589487,90
1540439489.604749,90
1540439489.622824,89
1540439489.638752,90
1540439489.653751,89
1540439489.671453,89
1540439489.686956,89
1540439489.702002,90
1540439489.717248,89
1540439489.734031,90
1540439489.749372,89
1540439489.764860,90
1540439489.782233,89
1540439489.798094,90
1540439489.813653,89
1540439489.846052,89
1540439489.862366,90
1540439489.879901,89
1540439489.896172,90
1540439489.917757,89
1540439489.935861,91
1540439489.952741,91
1540439489.969239,91
1540439489.988123,90
1540439490.004229,90
1540439490.023777,91
1540439490.040346,91
1540439490.058021,92
1540439490.073801,92
1540439490.091551,91
1540439490.108493,91
1540439490.125323,91
1540439490.145555,93
1540439490.161762,93
1540439490.188021,93
1540439490.214482,93
1540439490.247428,93
1540439490.276311,94
1540439490.291799,95
1540439490.309875,94
1540439490.326715,94
1540439490.346426,95
1540439490.362303,96
1540439490.377707,96
1540439490.393277,96
1540439490.411616,96
1540439490.446595,97
1540439490.482054,98
1540439490.497959,98
1540439490.516904,98
1540439490.531916,98
1540439490.548664,99
1540439490.565488,99
1540439490.584902,98
1540439490.603637,99
1540439490.622288,100
1540439490.638806,100
1540439490.654707,100
1540439490.669821,100
1540439490.690288,99
1540439490.707369,100
1540439490.725496,100
1540439490.742334,100
1540439490.758181,100
1540439490.775922,100
1540439490.791318,100
1540439490.808463,100
1540439490.824360,100
1540439490.840203,100
1540439490.855375,100
1540439490.872161,100
1540439490.889783,100
1540439490.905682,100
1540439490.920961,100
1540439490.936322,100
1540439490.953392,100
1540439490.969317,100
1540439490.985448,100
1540439491.009901,100
1540439491.045514,100
1540439491.068805,99
1540439491.089087,100
1540439491.126316,100
1540439491.150767,99
1540439491.177159,100
1540439491.203315,100
1540439491.240873,100
1540439491.272251,100
1540439491.305553,100
1540439491.355927,100
1540439491.378106,100
1540439491.394575,100
1540439491.412407,100
1540439491.437828,100
1540439491.459062,100
1540439491.475971,100
1540439491.494007,100
1540439491.511285,99
1540439491.526451,99
1540439491.542175,99
1540439491.565297,98
1540439491.582673,97
1540439491.600043,96
1540439491.617828,96
1540439491.649811,95
1540439491.671505,93
1540439491.691380,92
1540439491.707376,91
1540439491.725787,92
1540439491.743084,92
1540439491.759596,90
1540439491.775891,90
1540439491.791268,89
1540439491.809269,89
1540439491.827665,87
1540439491.843718,87
1540439491.859340,87
1540439491.878296,86
1540439491.895959,85
1540439491.913194,84
1540439491.931633,84
1540439491.947097,84
1540439491.963408,83
1540439491.980888,81
1540439491.997323,80
1540439492.015407,80
1540439492.033003,80
1540439492.050437,79
1540439492.074427,79
1540439492.090398,78
1540439492.106295,77
1540439492.122779,76
1540439492.147263,76
1540439492.165195,75
1540439492.182042,75
1540439492.197574,75
1540439492.224414,75
1540439492.268424,76
1540439492.323084,76
1540439492.345764,77
1540439492.362851,77
1540439492.379755,77
1540439492.397639,77
1540439492.413362,78
1540439492.428828,77
1540439492.445074,78
1540439492.460835,77
1540439492.476684,77
1540439492.492280,78
1540439492.507646,76
1540439492.523323,76
1540439492.541656,77
1540439492.559281,77
1540439492.574913,77
1540439492.591042,77
1540439492.608202,77
1540439492.623846,77
1540439492.640582,77
1540439492.658434,77
1540439492.673562,78
1540439492.689522,77
1540439492.705793,77
1540439492.721982,78
1540439492.737215,77
1540439492.752762,77
1540439492.768184,77
1540439492.784220,77
1540439492.799340,77
1540439492.816168,77
1540439492.832345,77
1540439492.847783,76
1540439492.865299,77
1540439492.880746,77
1540439492.896194,77
1540439492.912598,79
1540439492.928091,78
1540439492.943732,78
1540439492.959119,78
1540439492.974316,78
1540439492.989557,79
1540439493.005321,79
1540439493.023580,78
1540439493.039437,78
1540439493.054846,79
1540439493.071971,79
1540439493.088380,79
1540439493.104843,79
1540439493.121266,80
1540439493.137634,80
1540439493.153289,79
1540439493.171639,81
1540439493.187536,81
1540439493.204819,81
1540439493.221164,81
1540439493.237162,81
1540439493.252479,81
1540439493.278241,82
1540439493.301240,82
1540439493.343516,82
1540439493.362169,81
1540439493.377805,82
1540439493.393929,82
1540439493.414073,82
1540439493.431925,82
1540439493.447376,82
1540439493.462448,82
1540439493.477596,82
1540439493.493259,82
1540439493.508772,82
1540439493.525048,82
1540439493.541339,82
1540439493.559579,82
1540439493.576065,83
1540439493.592823,83
1540439493.609164,83
1540439493.624582,83
1540439493.642967,83
1540439493.661075,83
1540439493.677231,82
1540439493.694218,82
1540439493.709744,82
1540439493.727273,84
1540439493.745967,85
1540439493.762041,85
1540439493.778228,85
1540439493.794117,85
1540439493.811200,85
1540439493.827704,85
1540439493.843332,85
1540439493.859555,85
1540439493.875312,85
1540439493.893870,86
1540439493.910996,86
1540439493.926719,85
1540439493.943141,85
1540439493.958552,86
1540439493.975619,85
1540439493.990933,86
1540439494.009237,85
1540439494.024522,85
1540439494.040995,86
1540439494.060684,86
1540439494.088017,87
1540439494.112677,85
1540439494.138299,86
1540439494.177117,86
1540439494.203806,87
1540439494.227500,86
1540439494.254053,87
1540439494.271021,87
1540439494.293696,88
1540439494.320422,87
1540439494.356557,87
1540439494.378990,88
1540439494.395159,89
1540439494.411780,88
1540439494.427662,88
1540439494.443121,89
1540439494.458625,89
1540439494.477964,88
1540439494.495287,88
1540439494.510602,88
1540439494.527755,88
1540439494.543830,88
1540439494.562863,88
1540439494.581638,88
1540439494.599361,88
1540439494.615310,88
1540439494.632817,90
1540439494.648002,90
1540439494.665604,90
1540439494.684462,90
1540439494.700199,90
1540439494.715446,90
1540439494.732476,90
1540439494.750045,90
1540439494.767656,90
1540439494.787761,90
1540439494.802940,90
1540439494.818272,90
1540439494.834490,90
1540439494.851468,90
1540439494.866824,90
1540439494.882749,90
1540439494.898201,90
1540439494.915772,90
1540439494.933723,90
1540439494.948394,90
1540439494.968146,90
1540439494.983056,91
1540439495.000049,91
1540439495.018772,90
1540439495.034566,90
1540439495.049711,91
1540439495.065518,90
1540439495.083607,90
1540439495.101506,92
1540439495.117343,92
1540439495.133790,92
1540439495.150489,92
1540439495.169376,92
1540439495.185967,92
1540439495.207462,91
1540439495.224825,91
1540439495.241209,92
1540439495.257434,92
1540439495.284114,92
1540439495.312436,93
1540439495.350954,92
1540439495.372031,92
1540439495.387571,92
1540439495.403336,92
1540439495.419165,92
1540439495.436030,92
1540439495.453324,92
1540439495.469471,92
1540439495.484948,92
1540439495.503658,91
1540439495.521763,93
1540439495.538669,93
1540439495.554341,93
1540439495.571923,93
1540439495.587785,93
1540439495.608035,92
1540439495.625621,93
1540439495.642522,93
1540439495.657580,93
1540439495.673210,93
1540439495.688086,93
1540439495.706984,93
1540439495.723820,93
1540439495.739139,93
1540439495.754132,93
1540439495.773075,93
1540439495.790506,93
1540439495.807246,93
1540439495.823895,93
1540439495.839409,93
1540439495.854970,93
1540439495.869712,93
1540439495.885250,93
1540439495.900645,93
1540439495.917700,93
1540439495.943336,92
1540439495.959444,94
1540439495.979992,93
1540439495.996749,93
1540439496.030702,93
1540439496.046805,93
1540439496.062828,93
1540439496.079065,93
1540439496.094654,93
1540439496.110196,93
1540439496.126053,93
1540439496.141808,93
1540439496.157799,93
1540439496.173489,93
1540439496.189390,93
1540439496.209430,93
1540439496.225477,93
1540439496.241694,93
1540439496.257205,93
1540439496.273627,93
1540439496.289816,93
1540439496.310762,92
1540439496.334479,93
1540439496.371086,93
1540439496.389339,93
1540439496.405133,94
1540439496.421253,94
1540439496.437738,94
1540439496.453696,94
1540439496.470922,94
1540439496.499090,94
1540439496.514385,94
1540439496.529674,94
1540439496.547786,94
1540439496.565140,94
1540439496.584134,93
1540439496.601368,93
1540439496.617388,93
1540439496.632768,93
1540439496.647895,93
1540439496.663208,94
1540439496.679165,94
1540439496.694247,94
1540439496.709821,94
1540439496.725957,94
1540439496.741230,94
1540439496.757843,94
1540439496.773513,94
1540439496.789144,94
1540439496.805696,94
1540439496.821162,94
1540439496.836766,94
1540439496.853287,94
1540439496.870436,94
1540439496.886359,94
1540439496.901420,94
1540439496.917227,94
1540439496.932669,94
1540439496.948210,94
1540439496.964560,94
1540439496.981658,94
1540439496.997364,94
1540439497.012694,94
1540439497.028782,94
1540439497.045275,94
1540439497.063408,94
1540439497.082236,94
1540439497.109182,94
1540439497.135387,93
1540439497.161230,94
1540439497.188417,95
1540439497.225466,94
1540439497.253187,95
1540439497.277803,94
1540439497.302286,95
1540439497.336475,94
1540439497.366393,95
1540439497.393139,94
1540439497.422956,94
1540439497.445860,95
1540439497.464034,94
1540439497.480346,94
1540439497.497577,94
1540439497.513290,94
1540439497.529363,94
1540439497.546410,94
1540439497.566323,94
1540439497.582908,94
1540439497.600079,94
1540439497.616071,94
1540439497.631055,94
1540439497.648757,94
1540439497.665789,93
1540439497.683633,95
1540439497.700585,96
1540439497.717104,96
1540439497.733315,96
1540439497.754879,96
1540439497.772107,95
1540439497.789514,95
1540439497.806705,95
1540439497.822809,95
1540439497.838630,95
1540439497.857355,95
1540439497.874325,95
1540439497.890013,95
1540439497.908210,95
1540439497.924376,94
1540439497.939355,95
1540439497.958384,96
1540439497.976066,96
1540439497.990827,96
1540439498.009326,96
1540439498.026205,96
1540439498.043185,96
1540439498.062279,95
1540439498.081039,95
1540439498.096588,95
1540439498.114111,95
1540439498.129797,95
1540439498.146666,95
1540439498.165164,95
1540439498.181035,95
1540439498.196913,95
1540439498.212729,95
1540439498.229651,95
1540439498.252291,96
1540439498.271518,97
1540439498.288864,96
1540439498.317248,95
1540439498.341876,96
1540439498.378267,96
1540439498.401335,96
1540439498.422718,96
1540439498.444383,97
1540439498.460362,97
1540439498.479927,97
1540439498.497348,96
1540439498.512800,97
1540439498.530551,96
1540439498.545984,96
1540439498.566000,96
1540439498.584045,96
1540439498.599703,96
1540439498.615410,96
1540439498.633345,96
1540439498.649398,96
1540439498.666936,97
1540439498.685788,98
1540439498.700685,96
1540439498.716999,96
1540439498.732697,96
1540439498.750090,96
1540439498.767797,98
1540439498.784019,98
1540439498.800015,98
1540439498.815971,98
1540439498.832821,98
1540439498.848845,98
1540439498.864532,98
1540439498.880688,98
1540439498.897898,98
1540439498.914956,98
1540439498.930951,99
1540439498.947245,99
1540439498.962679,99
1540439498.979940,99
1540439498.999886,98
1540439499.017953,98
1540439499.033861,98
1540439499.050297,98
1540439499.065442,98
1540439499.081884,98
1540439499.099997,98
1540439499.115934,98
1540439499.133037,98
1540439499.149733,99
1540439499.166813,99
1540439499.185812,100
1540439499.201507,98
1540439499.217233,98
1540439499.233588,98
1540439499.258253,99
1540439499.273852,99
1540439499.290771,99
1540439499.308980,99
1540439499.326871,99
1540439499.342471,99
1540439499.368478,100
1540439499.391084,99
1540439499.430727,98
1540439499.446827,100
1540439499.467605,99
1540439499.483758,99
1540439499.500151,99
1540439499.519315,99
1540439499.536239,99
1540439499.552416,99
1540439499.570041,99
1540439499.585947,99
1540439499.602111,99
1540439499.617543,99
1540439499.632983,99
1540439499.650445,99
1540439499.665529,99
1540439499.681087,99
1540439499.696280,99
1540439499.711768,99
1540439499.728524,99
1540439499.744383,99
1540439499.759387,99
1540439499.774964,99
1540439499.791618,99
1540439499.806706,99
1540439499.822870,99
1540439499.839103,99
1540439499.855202,99
1540439499.871011,99
1540439499.887114,99
1540439499.903113,99
1540439499.918747,99
1540439499.935107,99
1540439499.950723,99
1540439499.965685,100
1540439499.982126,100
1540439499.997655,100
1540439500.013553,100
1540439500.030204,100
1540439500.046145,100
1540439500.064146,99
1540439500.083265,99
1540439500.106877,100
1540439500.129037,99
1540439500.155356,98
1540439500.178517,98
1540439500.205839,98
1540439500.233532,97
1540439500.265300,96
1540439500.288389,95
1540439500.312385,94
1540439500.338507,92
1540439500.371559,91
1540439500.396603,90
1540439500.430434,89
1540439500.461256,87
1540439500.478851,87
1540439500.495970,87
1540439500.511731,86
1540439500.529698,86
1540439500.545357,85
1540439500.562949,85
1540439500.580155,84
1540439500.595193,83
1540439500.612464,83
1540439500.627906,82
1540439500.650189,81
1540439500.668256,80
1540439500.685697,80
1540439500.701632,78
1540439500.718643,78
1540439500.733682,78
1540439500.750586,76
1540439500.768210,76
1540439500.784699,76
1540439500.799932,75
1540439500.816799,74
1540439500.835021,74
1540439500.851895,73
1540439500.867579,73
1540439500.883709,72
1540439500.899607,73
1540439500.917390,73
1540439500.933387,73
1540439500.949550,73
1540439500.966064,74
1540439500.982216,73
1540439500.998941,74
1540439501.014547,74
1540439501.031363,74
1540439501.047333,74
1540439501.064256,74
1540439501.084010,73
1540439501.100075,74
1540439501.115971,74
1540439501.132948,74
1540439501.149971,74
1540439501.169198,75
1540439501.188805,73
1540439501.204736,74
1540439501.221452,74
1540439501.239359,74
1540439501.254733,75
1540439501.271904,74
1540439501.293466,74
1540439501.310434,73
1540439501.326647,74
1540439501.344090,74
1540439501.369321,75
1540439501.394461,75
1540439501.430655,74
1540439501.450624,75
1540439501.466892,76
1540439501.483603,75
1540439501.507386,75
1540439501.523879,75
1540439501.541508,74
1540439501.557756,74
1540439501.573407,75
1540439501.588951,77
1540439501.607976,76
1540439501.631842,76
1540439501.649548,77
1540439501.667767,77
1540439501.683544,78
1540439501.699037,78
1540439501.714570,78
1540439501.731462,78
1540439501.747999,78
1540439501.764274,78
1540439501.779687,78
1540439501.795706,78
1540439501.813784,79
1540439501.830927,79
1540439501.847303,79
1540439501.864701,78
1540439501.880446,79
1540439501.897456,78
1540439501.916147,78
1540439501.931467,79
1540439501.947587,78
1540439501.963621,78
1540439501.981481,78
1540439501.998381,78
1540439502.013884,78
1540439502.029647,78
1540439502.045562,79
1540439502.063035,79
1540439502.079582,79
1540439502.095290,79
1540439502.110926,79
1540439502.128488,79
1540439502.147079,80
1540439502.164123,80
1540439502.180564,79
1540439502.196346,79
1540439502.211770,80
1540439502.231354,82
1540439502.253416,82
1540439502.270291,81
1540439502.292416,81
1540439502.307676,81
1540439502.322821,82
1540439502.338536,82
1540439502.355366,82
1540439502.371277,82
1540439502.387510,82
1540439502.412666,84
1540439502.440116,82
1540439502.474012,83
1540439502.501857,84
1540439502.518794,84
1540439502.534061,84
1540439502.549529,84
1540439502.565727,85
1540439502.583006,85
1540439502.599644,85
1540439502.615252,85
1540439502.630437,85
1540439502.648819,85
1540439502.665233,85
1540439502.680796,85
1540439502.699044,87
1540439502.717149,85
1540439502.733708,88
1540439502.751424,88
1540439502.768040,88
1540439502.783746,88
1540439502.801937,89
1540439502.816985,89
1540439502.834506,88
1540439502.853282,89
1540439502.869997,88
1540439502.885611,88
1540439502.901181,89
1540439502.918767,89
1540439502.934663,89
1540439502.950535,89
1540439502.965749,89
1540439502.983027,89
1540439503.001101,90
1540439503.016775,90
1540439503.032731,91
1540439503.048632,91
1540439503.067879,91
1540439503.085066,90
1540439503.118124,92
1540439503.143848,93
1540439503.171522,93
1540439503.193486,93
1540439503.218385,92
1540439503.243937,93
1540439503.268587,94
1540439503.292455,94
1540439503.325050,94
1540439503.350238,95
1540439503.377407,93
1540439503.405007,95
1540439503.439080,95
1540439503.463701,96
1540439503.499401,96
1540439503.522158,95
1540439503.538468,95
1540439503.553295,95
1540439503.569438,95
1540439503.589903,97
1540439503.605686,98
1540439503.622355,98
1540439503.639155,98
1540439503.655108,98
1540439503.670616,98
1540439503.691645,97
1540439503.707409,97
1540439503.723653,98
1540439503.739545,98
1540439503.754865,98
1540439503.770872,98
1540439503.786415,98
1540439503.802945,98
1540439503.818343,98
1540439503.834604,98
1540439503.849655,99
1540439503.865176,99
1540439503.881570,99
1540439503.898436,99
1540439503.914927,99
1540439503.930382,99
1540439503.945960,99
1540439503.961988,99
1540439503.978311,100
1540439503.994143,100
1540439504.009812,100
1540439504.048265,99
1540439504.063227,99
1540439504.078049,100
1540439504.093769,100
1540439504.109523,100
1540439504.125815,100
1540439504.141470,100
1540439504.158145,100
1540439504.173019,100
1540439504.190235,100
1540439504.208735,99
1540439504.224212,100
1540439504.238868,100
1540439504.254940,100
1540439504.273419,100
1540439504.292318,99
1540439504.311766,99
1540439504.327900,99
1540439504.343031,99
1540439504.358580,99
1540439504.375616,99
1540439504.398226,100
1540439504.425700,99
1540439504.468547,100
1540439504.496607,100
1540439504.512590,100
1540439504.527880,100
1540439504.546163,100
1540439504.563315,100
1540439504.582057,99
1540439504.597875,99
1540439504.614071,99
1540439504.630521,99
1540439504.647732,99
1540439504.665199,99
1540439504.681223,99
1540439504.697453,99
1540439504.713320,99
1540439504.732028,99
1540439504.748602,99
1540439504.763652,99
1540439504.779907,99
1540439504.796580,99
1540439504.812845,99
1540439504.828575,99
1540439504.843436,99
1540439504.859036,99
1540439504.878613,98
1540439504.896984,98
1540439504.913855,100
1540439504.931532,100
1540439504.947625,100
1540439504.963191,100
1540439504.982263,99
1540439504.998345,98
1540439505.013750,98
1540439505.029654,97
1540439505.045852,96
1540439505.063013,96
1540439505.078818,95
1540439505.094559,95
1540439505.110385,94
1540439505.127246,93
1540439505.142616,93
1540439505.158160,92
1540439505.174005,92
1540439505.193411,90
1540439505.211291,89
1540439505.229093,90
1540439505.246196,89
1540439505.262434,88
1540439505.278203,88
1540439505.296389,87
1540439505.314204,87
1540439505.338739,86
1540439505.356057,84
1540439505.372091,83
1540439505.387541,83
1540439505.402633,83
1540439505.420938,82
1540439505.446005,81
1540439505.469731,80
1540439505.524146,78
1540439505.553911,77
1540439505.572007,77
1540439505.587576,76
1540439505.606796,75
1540439505.621790,74
1540439505.638069,73
1540439505.652650,74
1540439505.674146,74
1540439505.691205,72
1540439505.710514,72
1540439505.725908,72
1540439505.741455,72
1540439505.757943,72
1540439505.780342,73
1540439505.796932,72
1540439505.816674,71
1540439505.833024,71
1540439505.848167,71
1540439505.863963,71
1540439505.880801,72
1540439505.898227,72
1540439505.919690,72
1540439505.936816,72
1540439505.951916,72
1540439505.968105,72
1540439505.984280,72
1540439506.009197,71
1540439506.027277,72
1540439506.044779,72
1540439506.066189,71
1540439506.083409,71
1540439506.100459,71
1540439506.128737,72
1540439506.158636,72
1540439506.184875,72
1540439506.212371,72
1540439506.240150,72
1540439506.264499,72
1540439506.294127,74
1540439506.317710,73
1540439506.353179,74
1540439506.379204,74
1540439506.404207,73
1540439506.432230,73
1540439506.465025,74
1540439506.498043,74
1540439506.529453,74
1540439506.582901,75
1540439506.610078,74
1540439506.634344,76
1540439506.661918,75
1540439506.690464,75
1540439506.706632,75
1540439506.722209,75
1540439506.737652,75
1540439506.759308,75
1540439506.775537,75
1540439506.792006,76
1540439506.809011,75
1540439506.824231,76
1540439506.839603,76
1540439506.855314,76
1540439506.870725,76
1540439506.885790,76
1540439506.901484,76
1540439506.917290,76
1540439506.933784,77
1540439506.951176,77
1540439506.967535,77
1540439506.983884,77
1540439506.999851,77
1540439507.018451,77
1540439507.034241,77
1540439507.049407,77
1540439507.066084,78
1540439507.082888,77
1540439507.098899,77
1540439507.114663,78
1540439507.131164,78
1540439507.148100,78
1540439507.164688,77
1540439507.181639,77
1540439507.198193,77
1540439507.214350,80
1540439507.230315,78
1540439507.247186,78
1540439507.263068,78
1540439507.279280,80
1540439507.294569,78
1540439507.310393,78
1540439507.328082,80
1540439507.347277,81
1540439507.362804,81
1540439507.379768,81
1540439507.395396,81
1540439507.410309,81
1540439507.425922,81
1540439507.453601,80
1540439507.477486,81
1540439507.507896,82
1540439507.526938,82
1540439507.542625,82
1540439507.558182,82
1540439507.574333,82
1540439507.589552,82
1540439507.606052,82
1540439507.622917,82
1540439507.639974,81
1540439507.655405,82
1540439507.671438,83
1540439507.691532,82
1540439507.707195,82
1540439507.723111,82
1540439507.738967,82
1540439507.759764,82
1540439507.775175,82
1540439507.793690,82
1540439507.809352,82
1540439507.824225,82
1540439507.840891,82
1540439507.857068,83
1540439507.872809,83
1540439507.888529,83
1540439507.904301,83
1540439507.921487,83
1540439507.937386,83
1540439507.954910,83
1540439507.969757,83
1540439507.985270,83
1540439508.003636,82
1540439508.019344,83
1540439508.034720,84
1540439508.049854,84
1540439508.066954,84
1540439508.083062,84
1540439508.098642,84
1540439508.114030,84
1540439508.130850,84
1540439508.148645,84
1540439508.165751,83
1540439508.181223,83
1540439508.197183,84
1540439508.214607,83
1540439508.232650,85
1540439508.252378,85
1540439508.267759,86
1540439508.282830,86
1540439508.298784,86
1540439508.318053,86
1540439508.335246,85
1540439508.352738,85
1540439508.370345,85
1540439508.386153,85
1540439508.403032,85
1540439508.422205,85
1540439508.437093,85
1540439508.452689,85
1540439508.468640,85
1540439508.495651,86
1540439508.517947,86
1540439508.554984,85
1540439508.581044,86
1540439508.597111,86
1540439508.612813,86
1540439508.636900,87
1540439508.653624,87
1540439508.671576,87
1540439508.687333,87
1540439508.702614,87
1540439508.717880,87
1540439508.740228,86
1540439508.756444,86
1540439508.773683,86
1540439508.790979,86
1540439508.806528,86
1540439508.822749,86
1540439508.841687,86
1540439508.859120,86
1540439508.875480,86
1540439508.892848,86
1540439508.909142,86
1540439508.925438,86
1540439508.944572,88
1540439508.962254,88
1540439508.977451,88
1540439508.994348,88
1540439509.009962,88
1540439509.028577,88
1540439509.047374,87
1540439509.065925,87
1540439509.085220,87
1540439509.106860,88
1540439509.133844,86
1540439509.162013,87
1540439509.189811,88
1540439509.217159,87
1540439509.241572,87
1540439509.265097,88
1540439509.289116,87
1540439509.315436,86
1540439509.338877,87
1540439509.367458,88
1540439509.397720,86
1540439509.425446,86
1540439509.448452,88
1540439509.477479,86
1540439509.508654,86
1540439509.540882,88
1540439509.573011,86
1540439509.609366,89
1540439509.634769,87
1540439509.652247,87
1540439509.669824,87
1540439509.685533,87
1540439509.701462,87
1540439509.720350,89
1540439509.736297,89
1540439509.754363,89
1540439509.770444,89
1540439509.785688,89
1540439509.800766,89
1540439509.822998,88
1540439509.840186,88
1540439509.857999,88
1540439509.873868,88
1540439509.889262,88
1540439509.904725,88
1540439509.922922,88
1540439509.940205,88
1540439509.955738,88
1540439509.972178,88
1540439509.987623,88
1540439510.006011,88
1540439510.024045,88
1540439510.040395,89
1540439510.056528,89
1540439510.072275,87
1540439510.090705,89
1540439510.107946,89
1540439510.123565,89
1540439510.140360,89
1540439510.156354,89
1540439510.174047,89
1540439510.191794,88
1540439510.206849,89
1540439510.222554,89
1540439510.237389,89
1540439510.254482,89
1540439510.270433,89
1540439510.285462,89
1540439510.301123,89
1540439510.317626,89
1540439510.333496,89
1540439510.350352,89
1540439510.365671,89
1540439510.383175,89
1540439510.400336,89
1540439510.420634,88
1540439510.436131,88
1540439510.453234,88
1540439510.468874,88
1540439510.483609,88
1540439510.499005,88
1540439510.519072,88
1540439510.541114,89
1540439510.583236,88
1540439510.600486,88
1540439510.615309,88
1540439510.631167,88
1540439510.647557,88
1540439510.664325,88
1540439510.680047,88
1540439510.696976,88
1540439510.714223,88
1540439510.729706,88
1540439510.745853,88
1540439510.763025,88
1540439510.778198,88
1540439510.793392,88
1540439510.808969,88
1540439510.825697,88
1540439510.841533,88
1540439510.857202,88
1540439510.872887,88
1540439510.888385,88
1540439510.903920,88
1540439510.921354,88
1540439510.937208,88
1540439510.952909,88
1540439510.971107,88
1540439510.986311,89
1540439511.002073,89
1540439511.017321,90
1540439511.033595,90
1540439511.049217,90
1540439511.064716,90
1540439511.081010,90
1540439511.096578,90
1540439511.113016,90
1540439511.131529,90
1540439511.147838,90
1540439511.165359,90
1540439511.181903,90
1540439511.196835,90
1540439511.213909,90
1540439511.230823,90
1540439511.245554,90
1540439511.261432,90
1540439511.278139,90
1540439511.293112,90
1540439511.309822,90
1540439511.325250,90
1540439511.341859,90
1540439511.359464,90
1540439511.375443,90
1540439511.392208,90
1540439511.408198,90
1540439511.425938,90
1540439511.442662,90
1540439511.458194,90
1540439511.474119,90
1540439511.499543,91
1540439511.525601,89
1540439511.569886,90
1540439511.601579,91
1540439511.618156,91
1540439511.634386,91
1540439511.653206,91
1540439511.670379,90
1540439511.689757,92
1540439511.705723,92
1540439511.721396,92
1540439511.738140,92
1540439511.756603,91
1540439511.773744,91
1540439511.790713,91
1540439511.807992,91
1540439511.823607,91
1540439511.841504,90
1540439511.860213,90
1540439511.875416,90
1540439511.891313,90
1540439511.909094,90
1540439511.925480,90
1540439511.942536,90
1540439511.960000,91
1540439511.975650,91
1540439511.991573,91
1540439512.008787,91
1540439512.026648,90
1540439512.041806,91
1540439512.057158,91
1540439512.073250,91
1540439512.090178,91
1540439512.105900,91
1540439512.122175,91
1540439512.136771,91
1540439512.153863,91
1540439512.171248,91
1540439512.186609,91
1540439512.201613,91
1540439512.219632,92
1540439512.236199,91
1540439512.253487,92
1540439512.270261,91
1540439512.285693,91
1540439512.301262,91
1540439512.319417,91
1540439512.335393,91
1540439512.351019,91
1540439512.365970,91
1540439512.384317,91
1540439512.401138,94
1540439512.417499,94
1540439512.432839,94
1540439512.448225,92
1540439512.466867,94
1540439512.484757,94
1540439512.499644,94
1540439512.516004,94
1540439512.548472,92
1540439512.575165,94
1540439512.607060,94
1540439512.629312,95
1540439512.644638,95
1540439512.661063,95
1540439512.679953,95
1540439512.696475,94
1540439512.713464,95
1540439512.728342,96
1540439512.744258,96
1540439512.759512,96
1540439512.781343,95
1540439512.799006,95
1540439512.815944,95
1540439512.831915,95
1540439512.849225,95
1540439512.864747,95
1540439512.881876,96
1540439512.900630,95
1540439512.917047,97
1540439512.933395,97
1540439512.950328,97
1540439512.967253,97
1540439512.985331,97
1540439513.003445,98
1540439513.018705,98
1540439513.033953,98
1540439513.057820,97
1540439513.074421,97
1540439513.091669,97
1540439513.110211,96
1540439513.126925,96
1540439513.153256,98
1540439513.179498,99
1540439513.203855,98
1540439513.227627,99
1540439513.255134,98
1540439513.284314,99
1540439513.308401,100
1540439513.332307,99
1540439513.358968,99
1540439513.385360,98
1540439513.413254,99
1540439513.444365,99
1540439513.471419,100
1540439513.496418,99
1540439513.521894,99
1540439513.560664,98
1540439513.591513,99
1540439513.633631,99
1540439513.680804,100
1540439513.704816,99
1540439513.720771,99
1540439513.737568,99
1540439513.753351,99
1540439513.769625,99
1540439513.786593,98
1540439513.802108,99
1540439513.819388,98
1540439513.836774,98
1540439513.853778,98
1540439513.869152,98
1540439513.887974,100
1540439513.905782,100
1540439513.923169,100
1540439513.940222,100
1540439513.956068,99
1540439513.971660,100
1540439513.988280,100
1540439514.005041,100
1540439514.020451,100
1540439514.036255,100
1540439514.056732,99
1540439514.072817,99
1540439514.088240,99
1540439514.104187,99
1540439514.121346,99
1540439514.136558,99
1540439514.153038,99
1540439514.168609,99
1540439514.193303,99
1540439514.214944,98
1540439514.233719,97
1540439514.290223,95
1540439514.307770,95
1540439514.325368,94
1540439514.341392,93
1540439514.358923,94
1540439514.375501,92
1540439514.391054,92
1540439514.408947,90
1540439514.425603,89
1540439514.441856,90
1540439514.463005,89
1540439514.478970,88
1540439514.494232,88
1540439514.509232,87
1540439514.530242,86
1540439514.553492,86
1540439514.577390,85
1540439514.607457,84
1540439514.623631,82
1540439514.639612,82
1540439514.656115,82
1540439514.673896,81
1540439514.689557,81
1540439514.705861,80
1540439514.723756,79
1540439514.739627,78
1540439514.759326,78
1540439514.775919,77
1540439514.791639,76
1540439514.807292,76
1540439514.825680,76
1540439514.842659,75
1540439514.864116,74
1540439514.881922,74
1540439514.897512,74
1540439514.914605,75
1540439514.931572,75
1540439514.948153,75
1540439514.965902,74
1540439514.985677,76
1540439515.001714,76
1540439515.017900,76
1540439515.035542,76
1540439515.052663,77
1540439515.070465,76
1540439515.089403,76
1540439515.105640,76
1540439515.122455,75
1540439515.139295,76
1540439515.157866,76
1540439515.176926,75
1540439515.197391,76
1540439515.215145,76
1540439515.231020,76
1540439515.247004,76
1540439515.263274,76
1540439515.279859,76
1540439515.299403,76
1540439515.315964,76
1540439515.331497,76
1540439515.347790,75
1540439515.363815,76
1540439515.381540,76
1540439515.398618,76
1540439515.415680,76
1540439515.431784,76
1540439515.449642,77
1540439515.467023,75
1540439515.486665,76
1540439515.503669,77
1540439515.521003,76
1540439515.536697,76
1540439515.553491,76
1540439515.571252,76
1540439515.595801,77
1540439515.624218,77
1540439515.660899,78
1540439515.683999,78
1540439515.699146,77
1540439515.716388,78
1540439515.737325,79
1540439515.755430,79
1540439515.770884,79
1540439515.786985,79
1540439515.802480,79
1540439515.820352,79
1540439515.839763,78
1540439515.856941,79
1540439515.873556,79
1540439515.888727,79
1540439515.906611,79
1540439515.924835,79
1540439515.941081,79
1540439515.957502,79
1540439515.973169,80
1540439515.990827,80
1540439516.008278,79
1540439516.024181,79
1540439516.040455,79
1540439516.058095,82
1540439516.074872,82
1540439516.092478,82
1540439516.110795,82
1540439516.144199,82
1540439516.173217,81
1540439516.202509,81
1540439516.228612,83
1540439516.253676,84
1540439516.276373,83
1540439516.304017,84
1540439516.328046,84
1540439516.352603,85
1540439516.378061,84
1540439516.402971,85
1540439516.425984,85
1540439516.454825,85
1540439516.484353,87
1540439516.511077,85
1540439516.554272,86
1540439516.580377,86
1540439516.614585,88
1540439516.643725,86
1540439516.684320,88
1540439516.728376,87
1540439516.753955,88
1540439516.771623,88
1540439516.787350,88
1540439516.803020,88
1540439516.828895,90
1540439516.845570,90
1540439516.862506,90
1540439516.882014,90
1540439516.897009,90
1540439516.912267,91
1540439516.927429,91
1540439516.950074,92
1540439516.967086,92
1540439516.987765,92
1540439517.003734,93
1540439517.019704,93
1540439517.036576,92
1540439517.052847,92
1540439517.070557,92
1540439517.089726,92
1540439517.105835,93
1540439517.121605,93
1540439517.138720,93
1540439517.156572,93
1540439517.259249,95
1540439517.292124,95
1540439517.321206,96
1540439517.361644,97
1540439517.378130,97
1540439517.394599,98
1540439517.411378,98
1540439517.427876,98
1540439517.445406,98
1540439517.462332,98
1540439517.478596,98
1540439517.494067,99
1540439517.511276,99
1540439517.528196,99
1540439517.544716,99
1540439517.559619,99
1540439517.574983,99
1540439517.600756,100
1540439517.643005,99
1540439517.664369,100
1540439517.681301,100
1540439517.700210,99
1540439517.715435,99
1540439517.731220,99
1540439517.746258,100
1540439517.761733,100
1540439517.777141,100
1540439517.793061,100
1540439517.808798,100
1540439517.826849,100
1540439517.842502,100
1540439517.858042,100
1540439517.874448,100
1540439517.889967,100
1540439517.905330,100
1540439517.921030,100
1540439517.937527,100
1540439517.953590,100
1540439517.969369,100
1540439517.986170,100
1540439518.002011,99
1540439518.017843,99
1540439518.034929,99
1540439518.050646,99
1540439518.066998,99
1540439518.084012,100
1540439518.099175,100
1540439518.115472,100
1540439518.131285,100
1540439518.147015,97
1540439518.163589,97
1540439518.180280,99
1540439518.198086,99
1540439518.213669,99
1540439518.234020,99
1540439518.251618,99
1540439518.267686,99
1540439518.284703,99
1540439518.300036,99
1540439518.315536,99
1540439518.331310,99
1540439518.346844,99
1540439518.362245,100
1540439518.377406,100
1540439518.395285,100
1540439518.410649,100
1540439518.431991,99
1540439518.448001,99
1540439518.462899,98
1540439518.479560,97
1540439518.496892,97
1540439518.518276,95
1540439518.534276,95
1540439518.550428,94
1540439518.566180,93
1540439518.583719,93
1540439518.601148,93
1540439518.633627,92
1540439518.662828,94
1540439518.723456,92
1540439518.741291,94
1540439518.759205,92
1540439518.778240,92
1540439518.797418,92
1540439518.814973,91
1540439518.830672,90
1540439518.847071,90
1540439518.864195,89
1540439518.882618,89
1540439518.898878,89
1540439518.916299,88
1540439518.932486,87
1540439518.949018,87
1540439518.965675,86
1540439518.986011,87
1540439519.001355,85
1540439519.017405,84
1540439519.035780,85
1540439519.053587,84
1540439519.074906,82
1540439519.093978,83
1540439519.113616,83
1540439519.132343,81
1540439519.163829,79
1540439519.189153,80
1540439519.214550,80
1540439519.243622,83
1540439519.267282,82
1540439519.293457,81
1540439519.318709,82
1540439519.350694,81
1540439519.377011,80
1540439519.401271,79
1540439519.428473,79
1540439519.461339,76
1540439519.488210,78
1540439519.520629,77
1540439519.544739,76
1540439519.570499,76
1540439519.596353,76
1540439519.624382,75
1540439519.661947,75
1540439519.694187,75
1540439519.758143,76
1540439519.794711,75
1540439519.823733,77
1540439519.850551,77
1540439519.869142,76
1540439519.891724,76
1540439519.909727,76
1540439519.927937,76
1540439519.945188,76
1540439519.960997,77
1540439519.976180,77
1540439519.992046,77
1540439520.020886,77
1540439520.057964,76
1540439520.077707,76
1540439520.094485,75
1540439520.116198,78
1540439520.134865,78
1540439520.149908,78
1540439520.165816,78
1540439520.181551,78
1540439520.199258,77
1540439520.223941,76
1540439520.242157,78
1540439520.259655,78
1540439520.276081,76
1540439520.291940,79
1540439520.308850,79
1540439520.325868,78
1540439520.343429,78
1540439520.358883,78
1540439520.375568,78
1540439520.390600,78
1540439520.407703,78
1540439520.425768,79
1540439520.441264,79
1540439520.457735,80
1540439520.473190,80
1540439520.491941,79
1540439520.514367,79
1540439520.531651,79
1540439520.547693,79
1540439520.563663,80
1540439520.580264,79
1540439520.596879,79
1540439520.613505,79
1540439520.638425,80
1540439520.663893,79
1540439520.692975,80
1540439520.716400,80
1540439520.732299,82
1540439520.748029,82
1540439520.768079,81
1540439520.784208,81
1540439520.801268,81
1540439520.818988,81
1540439520.834803,81
1540439520.849860,82
1540439520.868047,82
1540439520.890837,83
1540439520.907942,83
1540439520.925315,83
1540439520.941371,83
1540439520.957298,83
1540439520.974275,82
1540439520.992370,83
1540439521.015172,82
1540439521.033091,82
1540439521.051203,82
1540439521.066573,81
1540439521.082340,82
1540439521.098145,81
1540439521.113627,81
1540439521.130812,81
1540439521.145867,81
1540439521.162871,81
1540439521.182773,81
1540439521.199410,81
1540439521.215204,81
1540439521.231984,83
1540439521.249058,83
1540439521.265496,83
1540439521.283531,83
1540439521.299945,83
1540439521.314969,83
1540439521.331103,83
1540439521.347147,84
1540439521.363695,84
1540439521.379875,84
1540439521.396452,84
1540439521.412061,84
1540439521.436997,83
1540439521.457538,82
1540439521.472685,82
1540439521.494270,84
1540439521.510086,84
1540439521.526377,85
1540439521.542427,85
1540439521.558291,85
1540439521.573465,85
1540439521.589139,85
1540439521.605938,85
1540439521.621880,85
1540439521.637634,85
1540439521.664345,84
1540439521.688539,85
1540439521.721423,85
1540439521.743577,85
1540439521.759616,85
1540439521.775926,87
1540439521.790762,87
1540439521.808034,87
1540439521.823553,87
1540439521.839449,87
1540439521.856048,87
1540439521.871792,87
1540439521.888864,87
1540439521.906873,87
1540439521.922647,87
1540439521.937589,87
1540439521.952694,87
1540439521.975089,86
1540439521.991825,86
1540439522.007779,89
1540439522.024251,89
1540439522.040025,87
1540439522.057132,89
1540439522.073194,89
1540439522.089447,89
1540439522.106017,87
1540439522.122760,89
1540439522.140400,89
1540439522.156410,89
1540439522.172845,89
1540439522.188315,89
1540439522.204862,89
1540439522.223925,88
1540439522.238974,88
1540439522.255208,89
1540439522.272022,88
1540439522.287500,89
1540439522.304137,88
1540439522.323382,88
1540439522.338945,88
1540439522.354683,88
1540439522.370372,88
1540439522.387888,89
1540439522.406270,89
1540439522.422179,89
1540439522.438426,88
1540439522.453307,88
1540439522.470291,87
1540439522.486773,87
1540439522.502159,88
1540439522.519592,88
1540439522.535854,88
1540439522.552751,88
1540439522.568619,88
1540439522.585566,88
1540439522.601534,88
1540439522.618361,88
1540439522.636659,88
1540439522.654138,88
1540439522.678960,89
1540439522.704909,90
1540439522.749790,90
1540439522.770062,90
1540439522.786603,90
1540439522.803998,90
1540439522.821570,90
1540439522.838141,90
1540439522.853441,90
1540439522.869910,90
1540439522.886989,89
1540439522.902650,90
1540439522.918206,90
1540439522.933112,90
1540439522.955701,89
1540439522.972235,89
1540439522.989732,89
1540439523.006775,89
1540439523.022295,89
1540439523.037484,89
1540439523.055967,89
1540439523.073362,89
1540439523.089625,89
1540439523.108536,88
1540439523.135184,91
1540439523.150986,90
1540439523.184554,90
1540439523.209343,88
1540439523.233812,89
1540439523.265632,90
1540439523.289900,90
1540439523.317560,89
1540439523.344508,89
1540439523.371940,87
1540439523.398516,87
1540439523.426010,89
1540439523.453803,89
1540439523.481390,89
1540439523.506405,88
1540439523.536439,88
1540439523.563360,89
1540439523.589986,88
1540439523.618637,89
1540439523.647155,89
1540439523.680756,89
1540439523.712424,89
1540439523.749820,88
1540439523.802819,88
1540439523.833800,87
1540439523.860243,89
1540439523.888944,87
1540439523.913679,88
1540439523.931430,87
1540439523.954450,89
1540439523.971404,88
1540439523.986400,89
1540439524.001800,89
1540439524.017738,89
1540439524.035442,89
1540439524.052741,88
1540439524.067905,89
1540439524.083545,89
1540439524.098921,89
1540439524.115810,89
1540439524.134045,89
1540439524.150483,88
1540439524.166618,88
1540439524.182706,88
1540439524.201960,88
1540439524.218822,88
1540439524.233540,88
1540439524.250923,88
1540439524.266734,88
1540439524.284175,88
1540439524.301195,88
1540439524.317107,88
1540439524.332817,88
1540439524.348988,88
1540439524.366548,88
1540439524.382454,88
1540439524.398280,88
1540439524.413802,88
1540439524.431017,88
1540439524.449923,89
1540439524.466005,89
1540439524.482277,89
1540439524.498895,90
1540439524.516216,90
1540439524.534015,90
1540439524.549559,90
1540439524.567402,90
1540439524.586093,89
1540439524.601698,90
1540439524.620003,89
1540439524.637248,89
1540439524.652693,89
1540439524.670681,89
1540439524.699168,90
1540439524.723425,89
1540439524.752591,89
1540439524.774235,90
1540439524.791846,90
1540439524.807433,90
1540439524.829593,89
1540439524.846834,89
1540439524.862222,89
1540439524.879539,89
1540439524.894658,89
1540439524.910111,89
1540439524.931231,89
1540439524.946209,89
1540439524.961820,89
1540439524.977527,89
1540439524.993671,89
1540439525.009415,89
1540439525.024905,89
1540439525.040393,89
1540439525.056954,89
1540439525.073181,89
1540439525.116729,91
1540439525.141502,90
1540439525.164886,91
1540439525.180952,91
1540439525.202046,90
1540439525.218742,90
1540439525.234255,90
1540439525.250595,90
1540439525.266530,90
1540439525.281630,90
1540439525.298009,90
1540439525.313926,90
1540439525.330209,90
1540439525.346235,90
1540439525.362461,90
1540439525.379206,90
1540439525.397156,90
1540439525.413109,90
1540439525.429451,90
1540439525.446931,90
1540439525.463466,90
1540439525.478891,91
1540439525.495799,91
1540439525.511961,91
1540439525.555669,91
1540439525.596702,90
1540439525.616096,92
1540439525.634677,92
1540439525.650518,92
1540439525.666260,92
1540439525.689835,91
1540439525.717920,91
1540439525.752349,93
1540439525.773151,93
1540439525.789515,93
1540439525.806435,93
1540439525.825049,92
1540439525.841556,94
1540439525.857814,94
1540439525.874657,94
1540439525.890547,94
1540439525.913263,93
1540439525.931668,94
1540439525.947673,94
1540439525.963370,94
1540439525.979121,94
1540439525.994883,94
1540439526.012186,94
1540439526.047720,94
1540439526.079030,94
1540439526.097897,94
1540439526.119326,96
1540439526.143217,95
1540439526.169203,95
1540439526.191181,95
1540439526.223238,95
1540439526.251423,96
1540439526.275734,95
1540439526.303065,96
1540439526.329196,97
1540439526.354066,96
1540439526.379172,97
1540439526.407738,98
1540439526.435733,97
1540439526.465153,97
1540439526.492675,97
1540439526.518223,95
1540439526.543768,98
1540439526.566723,96
1540439526.612606,96
1540439526.648922,97
1540439526.675127,99
1540439526.709250,99
1540439526.740901,99
1540439526.775275,99
1540439526.823801,99
1540439526.859225,99
1540439526.889646,99
1540439526.916453,99
1540439526.940316,98
1540439526.963713,99
1540439526.991054,100
1540439527.024023,100
1540439527.040270,100
1540439527.066203,98
1540439527.090820,99
1540439527.106293,100
1540439527.122015,100
1540439527.139263,99
1540439527.155229,100
1540439527.170845,100
1540439527.186373,100
1540439527.217488,100
1540439527.250955,100
1540439527.267010,100
1540439527.285136,100
1540439527.302621,99
1540439527.320302,99
1540439527.337466,99
1540439527.353246,99
1540439527.370256,99
1540439527.390705,98
1540439527.408061,100
1540439527.424529,100
1540439527.442241,100
1540439527.459020,100
1540439527.474403,100
1540439527.493679,100
1540439527.509384,100
1540439527.526123,100
1540439527.543105,99
1540439527.559447,100
1540439527.576286,98
1540439527.595394,98
1540439527.610698,98
1540439527.627807,98
1540439527.644595,97
1540439527.661782,97
1540439527.679420,96
1540439527.704696,94
1540439527.731748,94
1540439527.770006,93
1540439527.793973,91
1540439527.830606,90
1540439527.856726,90
1540439527.872600,89
1540439527.894678,88
1540439527.912686,87
1540439527.931549,87
1540439527.949562,86
1540439527.966308,86
1540439527.981829,85
1540439528.000324,85
1540439528.016854,85
1540439528.034488,84
1540439528.050570,83
1540439528.067167,82
1540439528.082725,82
1540439528.099196,82
1540439528.139121,79
1540439528.157469,79
1540439528.173330,79
1540439528.189533,78
1540439528.205523,77
1540439528.222918,77
1540439528.237850,75
1540439528.257972,74
1540439528.273935,74
1540439528.289583,75
1540439528.307328,74
1540439528.323399,74
1540439528.338358,76
1540439528.354150,76
1540439528.369655,77
1540439528.386620,77
1540439528.403147,78
1540439528.436330,76
1540439528.460261,77
1540439528.476009,76
1540439528.492296,77
1540439528.509292,76
1540439528.525201,76
1540439528.540911,76
1540439528.557665,76
1540439528.574730,77
1540439528.591293,78
1540439528.610575,77
1540439528.626084,77
1540439528.650617,78
1540439528.665436,75
1540439528.681516,75
1540439528.697473,75
1540439528.714029,76
1540439528.731029,76
1540439528.754102,76
1540439528.778388,75
1540439528.828352,76
1540439528.846828,76
1540439528.864159,76
1540439528.881853,76
1540439528.898109,75
1540439528.913852,76
1540439528.931756,76
1540439528.949264,76
1540439528.965395,77
1540439528.983503,77
1540439528.998981,77
1540439529.027695,76
1540439529.051716,77
1540439529.071751,76
1540439529.088924,77
1540439529.105538,77
1540439529.122953,77
1540439529.140839,76
1540439529.176626,76
1540439529.208673,77
1540439529.234881,78
1540439529.260546,79
1540439529.285909,77
1540439529.314119,78
1540439529.338732,80
1540439529.365350,79
1540439529.391338,79
1540439529.421086,81
1540439529.446236,80
1540439529.476452,80
1540439529.503510,80
1540439529.527928,81
1540439529.551399,82
1540439529.606836,81
1540439529.655939,83
1540439529.685769,82
1540439529.713648,84
1540439529.743738,82
1540439529.770357,83
1540439529.802889,84
1540439529.842433,85
1540439529.894203,86
1540439529.925694,85
1540439529.960431,86
1540439529.986449,87
1540439530.012762,86
1540439530.041604,87
1540439530.061961,86
1540439530.084480,88
1540439530.100875,88
1540439530.118346,88
1540439530.134046,88
1540439530.149573,88
1540439530.166330,88
1540439530.183063,88
1540439530.201233,89
1540439530.234390,89
1540439530.256253,88
1540439530.274170,90
1540439530.293699,91
1540439530.311136,91
1540439530.327214,90
1540439530.342729,91
1540439530.359868,90
1540439530.375730,90
1540439530.397354,91
1540439530.414872,91
1540439530.432295,90
1540439530.448155,90
1540439530.465705,90
1540439530.480977,90
1540439530.497601,91
1540439530.515717,93
1540439530.533196,93
1540439530.549383,93
1540439530.566317,93
1540439530.582958,94
1540439530.599522,94
1540439530.618096,93
1540439530.634370,93
1540439530.650211,93
1540439530.665092,94
1540439530.685012,94
1540439530.702382,94
1540439530.721432,94
1540439530.736988,94
1540439530.764626,94
1540439530.787440,94
1540439530.822132,95
1540439530.863724,95
1540439530.892523,96
1540439530.909983,96
1540439530.925422,96
1540439530.941192,96
1540439530.959634,96
1540439530.976652,96
1540439530.995407,96
1540439531.038387,96
1540439531.062510,97
1540439531.078704,97
1540439531.096383,97
1540439531.111876,96
1540439531.138593,98
1540439531.153674,98
1540439531.170277,98
1540439531.186020,98
1540439531.203379,98
1540439531.219048,98
1540439531.234379,98
1540439531.249387,98
1540439531.267271,99
1540439531.284984,99
1540439531.301652,99
1540439531.316746,99
1540439531.332389,99
1540439531.350713,99
1540439531.367760,99
1540439531.382966,99
1540439531.399931,99
1540439531.438594,98
1540439531.463071,99
1540439531.479950,99
1540439531.501834,98
1540439531.518402,98
1540439531.535267,100
1540439531.551194,100
1540439531.567096,100
1540439531.583139,100
1540439531.605115,99
1540439531.623138,99
1540439531.641113,99
1540439531.656894,99
1540439531.673004,99
1540439531.694186,98
1540439531.709908,99
1540439531.726069,98
1540439531.743067,98
1540439531.759061,98
1540439531.774415,98
1540439531.800513,99
1540439531.826603,98
1540439531.860890,100
1540439531.880162,99
1540439531.896983,99
1540439531.913759,99
1540439531.937604,100
1540439531.953868,98
1540439531.968980,98
1540439531.984310,98
1540439532.000070,98
1540439532.041489,98
1540439532.071006,100
1540439532.089443,99
1540439532.104665,99
1540439532.121172,99
1540439532.143766,99
1540439532.161304,99
1540439532.177203,99
1540439532.202520,100
1540439532.226689,99
1540439532.250491,99
1540439532.277930,98
1540439532.305170,97
1540439532.328390,96
1540439532.354160,95
1540439532.379978,94
1540439532.405689,93
1540439532.430276,91
1540439532.456396,91
1540439532.480236,90
1540439532.508252,90
1540439532.532487,88
1540439532.558488,86
1540439532.584029,87
1540439532.613241,85
1540439532.662774,83
1540439532.686903,83
1540439532.716655,81
1540439532.741853,80
1540439532.766935,79
1540439532.793334,79
1540439532.831215,76
1540439532.863651,77
1540439532.907731,74
1540439532.942327,72
1540439532.964483,72
1540439532.993218,72
1540439533.015117,72
1540439533.050890,72
1540439533.078388,71
1540439533.104226,72
1540439533.134041,71
1540439533.150681,72
1540439533.168340,72
1540439533.188472,71
1540439533.207131,72
1540439533.244156,73
1540439533.265431,72
1540439533.281720,72
1540439533.297413,72
1540439533.313131,72
1540439533.332470,71
1540439533.357601,71
1540439533.373838,72
1540439533.394294,72
1540439533.412047,72
1540439533.428383,72
1540439533.446345,71
1540439533.464194,71
1540439533.480602,72
1540439533.499399,74
1540439533.516693,74
1540439533.535445,74
1540439533.552824,73
1540439533.569264,74
1540439533.585183,74
1540439533.604347,74
1540439533.621734,74
1540439533.638973,75
1540439533.656240,74
1540439533.673941,74
1540439533.692243,74
1540439533.715696,75
1540439533.732179,75
1540439533.748693,76
1540439533.766182,76
1540439533.782195,76
1540439533.810344,74
1540439533.851191,77
1540439533.894995,77
1540439533.937716,75
1540439533.954931,75
1540439533.973722,75
1540439533.989303,78
1540439534.006708,78
1540439534.023515,78
1540439534.040003,78
1540439534.057853,78
1540439534.076204,77
1540439534.091355,77
1540439534.106590,78
1540439534.130448,78
1540439534.146163,78
1540439534.164371,78
1540439534.184114,79
1540439534.201835,79
1540439534.219698,79
1540439534.235161,79
1540439534.251364,80
1540439534.267228,80
1540439534.285643,79
1540439534.304070,79
1540439534.321703,79
1540439534.340742,79
1540439534.356876,78
1540439534.372923,78
1540439534.392064,77
1540439534.411180,80
1540439534.444178,80
1540439534.476670,80
1540439534.495380,79
1540439534.512248,80
1540439534.527170,80
1540439534.544805,81
1540439534.565660,80
1540439534.580994,80
1540439534.599546,80
1540439534.615944,80
1540439534.631208,80
1540439534.646662,80
1540439534.670383,81
1540439534.685516,82
1540439534.705444,81
1540439534.724369,81
1540439534.741922,81
1540439534.757763,81
1540439534.773959,81
1540439534.789645,81
1540439534.809150,81
1540439534.834599,82
1540439534.860353,80
1540439534.894454,81
1540439534.918364,82
1540439534.933923,82
1540439534.950614,82
1540439534.966324,82
1540439534.982192,82
1540439535.003114,82
1540439535.019233,82
1540439535.062848,83
1540439535.087394,82
1540439535.105260,84
1540439535.124120,84
1540439535.143106,83
1540439535.164200,83
1540439535.185290,82
1540439535.212480,83
1540439535.237508,85
1540439535.269060,85
1540439535.300674,85
1540439535.341379,84
1540439535.368105,84
1540439535.398330,85
1540439535.424044,84
1540439535.449618,85
1540439535.475426,85
1540439535.501569,85
1540439535.528484,86
1540439535.551937,85
1540439535.577872,86
1540439535.603955,84
1540439535.657519,84
1540439535.685685,86
1540439535.713161,86
1540439535.737781,87
1540439535.770210,87
1540439535.794588,86
1540439535.820932,86
1540439535.856155,87
1540439535.885735,87
1540439535.927288,85
1540439535.968522,86
1540439535.993568,85
1540439536.026372,87
1540439536.053480,86
1540439536.084755,87
1540439536.108459,88
1540439536.132800,87
1540439536.157606,88
1540439536.187974,86
1540439536.220665,88
1540439536.266652,88
1540439536.297627,86
1540439536.316983,88
1540439536.334317,88
1540439536.349868,88
1540439536.366649,88
1540439536.383583,88
1540439536.399167,88
1540439536.420221,87
1540439536.437539,87
1540439536.453453,87
1540439536.469883,87
1540439536.487654,87
1540439536.503045,87
1540439536.518939,87
1540439536.538767,87
1540439536.555056,87
1540439536.570935,86
1540439536.589556,86
1540439536.605362,88
1540439536.621516,86
1540439536.638402,86
1540439536.654080,88
1540439536.669728,86
1540439536.687022,88
1540439536.705476,88
1540439536.722259,88
1540439536.738026,88
1540439536.753608,88
1540439536.770204,88
1540439536.786483,88
1540439536.801500,89
1540439536.817234,89
1540439536.859925,88
1540439536.890409,88
1540439536.925101,88
1540439536.964171,89
1540439536.981061,89
1540439536.999600,88
1540439537.017166,88
1540439537.033094,88
1540439537.049390,88
1540439537.064746,88
1540439537.082523,88
1540439537.100369,88
1540439537.116778,88
1540439537.132253,88
1540439537.147897,88
1540439537.166606,88
1540439537.187001,89
1540439537.204517,89
1540439537.222160,89
1540439537.237018,89
1540439537.253954,89
1540439537.271429,89
1540439537.288503,89
1540439537.304044,89
1540439537.320697,89
1540439537.336072,89
1540439537.352791,89
1540439537.370836,88
1540439537.387120,88
1540439537.404923,88
1540439537.422055,88
1540439537.437564,88
1540439537.455407,88
1540439537.476983,88
1540439537.494957,89
1540439537.510595,89
1540439537.527940,89
1540439537.544061,89
1540439537.560715,89
1540439537.579189,89
1540439537.594353,89
1540439537.609385,89
1540439537.625346,89
1540439537.642250,89
1540439537.658572,89
1540439537.674426,89
1540439537.689730,89
1540439537.707407,89
1540439537.723169,89
1540439537.748996,88
1540439537.765598,88
1540439537.782634,87
1540439537.798513,88
1540439537.814635,87
1540439537.832961,87
1540439537.859429,88
1540439537.884670,89
1540439537.917824,89
1540439537.946362,87
1540439537.962272,89
1540439537.979904,89
1540439537.998650,89
1540439538.015881,89
1540439538.031054,89
1540439538.046926,89
1540439538.067584,88
1540439538.084707,88
1540439538.102001,88
1540439538.119590,88
1540439538.135879,88
1540439538.155785,89
1540439538.182593,88
1540439538.208411,90
1540439538.236075,88
1540439538.262633,89
1540439538.290308,90
1540439538.315595,89
1540439538.341104,89
1540439538.364537,88
1540439538.387675,89
1540439538.413513,89
1540439538.440160,89
1540439538.465305,90
1540439538.490631,89
1540439538.518496,89
1540439538.542637,88
1540439538.570526,89
1540439538.594991,90
1540439538.621238,89
1540439538.646531,90
1540439538.676350,88
1540439538.698993,89
1540439538.724985,90
1540439538.752392,88
1540439538.778952,89
1540439538.805629,88
1540439538.833356,90
1540439538.873355,91
1540439538.904154,89
1540439538.944418,90
1540439538.991139,90
1540439539.018744,90
1540439539.060247,91
1540439539.079646,91
1540439539.095247,91
1540439539.110197,91
1540439539.126257,91
1540439539.150932,90
1540439539.166864,90
1540439539.184404,91
1540439539.200770,91
1540439539.215638,91
1540439539.232971,91
1540439539.250743,91
1540439539.266918,91
1540439539.284080,91
1540439539.302449,92
1540439539.317989,92
1540439539.334152,90
1540439539.350881,92
1540439539.366718,90
1540439539.382280,90
1540439539.397311,90
1540439539.413217,91
1540439539.428949,90
1540439539.444759,93
1540439539.460498,93
1540439539.476105,93
1540439539.491457,93
1540439539.509056,93
1540439539.525705,93
1540439539.541304,93
1540439539.560101,92
1540439539.575779,92
1540439539.594148,94
1540439539.611132,94
1540439539.627267,95
1540439539.643421,95
1540439539.659267,95
1540439539.674807,95
1540439539.689782,93
1540439539.706384,93
1540439539.722057,95
1540439539.737798,93
1540439539.753629,93
1540439539.777489,94
1540439539.793573,95
1540439539.819561,94
1540439539.834681,94
1540439539.849599,94
1540439539.865477,95
1540439539.893596,95
1540439539.915833,94
1540439539.957084,95
1540439539.975400,96
1540439539.990998,96
1540439540.006757,96
1540439540.025842,96
1540439540.044616,95
1540439540.061309,95
1540439540.079102,98
1540439540.095220,98
1540439540.110887,98
1540439540.128333,98
1540439540.152702,97
1540439540.169025,97
1540439540.186265,97
1540439540.202232,96
1540439540.217304,97
1540439540.233674,97
1540439540.249796,97
1540439540.267154,97
1540439540.285819,97
1540439540.301590,97
1540439540.316759,97
1540439540.334877,98
1540439540.353433,97
1540439540.369207,97
1540439540.386300,99
1540439540.402067,97
1540439540.418096,99
1540439540.434809,97
1540439540.452520,100
1540439540.468261,100
1540439540.484125,100
1540439540.502080,100
1540439540.521231,100
1540439540.538051,100
1540439540.554060,99
1540439540.570107,99
1540439540.585848,99
1540439540.602759,99
1540439540.618642,99
1540439540.634107,99
1540439540.650552,100
1540439540.667423,99
1540439540.682670,99
1540439540.699082,99
1540439540.714852,99
1540439540.731681,99
1540439540.751320,99
1540439540.768255,99
1540439540.783129,99
1540439540.801790,99
1540439540.818190,99
1540439540.834820,99
1540439540.857942,100
1540439540.884096,98
1540439540.918543,98
1540439540.947883,99
1540439540.966992,98
1540439540.982806,98
1540439541.000523,100
1540439541.022270,100
1540439541.040441,99
1540439541.061046,99
1540439541.076438,99
1540439541.092086,99
1540439541.107939,99
1540439541.130251,100
1540439541.147252,100
1540439541.167949,99
1540439541.186300,99
1540439541.201904,99
1540439541.218741,99
1540439541.234244,99
1540439541.250772,99
1540439541.266271,99
1540439541.281815,99
1540439541.298548,99
1540439541.315171,99
1540439541.333833,99
1540439541.350934,99
1540439541.366360,99
1540439541.382024,99
1540439541.399060,99
1540439541.416779,98
1540439541.431957,97
1540439541.447343,97
1540439541.462749,96
1540439541.480948,96
1540439541.498892,94
1540439541.515289,93
1540439541.532157,93
1540439541.547708,92
1540439541.565691,92
1540439541.584545,92
1540439541.601740,91
1540439541.616797,90
1540439541.633813,90
1540439541.649488,89
1540439541.665908,89
1540439541.681165,88
1540439541.696967,87
1540439541.712816,87
1540439541.731080,86
1540439541.748139,86
1540439541.763187,85
1540439541.779302,84
1540439541.803333,84
1540439541.819663,83
1540439541.835997,82
1540439541.853886,82
1540439541.869959,81
1540439541.885702,81
1540439541.912490,79
1540439541.938221,78
1540439541.973317,77
1540439542.004921,76
1540439542.022324,76
1540439542.039815,75
1540439542.056632,73
1540439542.075773,74
1540439542.092841,74
1540439542.112546,74
1540439542.129701,74
1540439542.147925,76
1540439542.167622,75
1540439542.195988,76
1540439542.227902,75
1540439542.252944,76
1540439542.279358,76
1540439542.303449,76
1540439542.329100,76
1540439542.354553,75
1540439542.384623,76
1540439542.410580,75
1540439542.435930,77
1540439542.461959,75
1540439542.488312,77
1540439542.512342,76
1540439542.535688,76
1540439542.563558,76
1540439542.593619,76
1540439542.620025,76
1540439542.646236,77
1540439542.670379,76
1540439542.698952,77
1540439542.724558,76
1540439542.750013,75
1540439542.774328,76
1540439542.804211,78
1540439542.834257,77
1540439542.861079,77
1540439542.886408,78
1540439542.916489,79
1540439542.948996,79
1540439542.992023,78
1540439543.033435,78
1540439543.066531,79
1540439543.086621,79
1540439543.103445,79
1540439543.119605,79
1540439543.135771,79
1540439543.153009,79
1540439543.168596,80
1540439543.183336,80
1540439543.198109,80
1540439543.212976,80
1540439543.228163,80
1540439543.244144,80
1540439543.261128,81
1540439543.276197,81
1540439543.290834,81
1540439543.304927,82
1540439543.319752,82
1540439543.334731,82
1540439543.349850,83
1540439543.366331,83
1540439543.380907,81
1540439543.396377,81
1540439543.411793,81
1540439543.428033,81
1540439543.442460,83
1540439543.457382,83
1540439543.471892,83
1540439543.487794,83
1540439543.501794,83
1540439543.517222,84
1540439543.533076,85
1540439543.547826,85
1540439543.562381,85
1540439543.576369,85
1540439543.591181,85
1540439543.606328,84
1540439543.622525,84
1540439543.636490,85
1540439543.651142,85
1540439543.665863,85
1540439543.679884,86
1540439543.694643,87
1540439543.710390,86
1540439543.726455,87
1540439543.740908,87
1540439543.756039,88
1540439543.771903,88
1540439543.787412,88
1540439543.803565,88
1540439543.827625,87
1540439543.841704,88
1540439543.856900,88
1540439543.872005,88
1540439543.886222,89
1540439543.900367,89
1540439543.925411,88
1540439543.964342,88
1540439543.990022,89
1540439544.005050,89
1540439544.021571,90
1540439544.037435,90
1540439544.061320,91
1540439544.076179,91
1540439544.091354,89
1540439544.107714,89
1540439544.125734,92
1540439544.141290,92
1540439544.156306,90
1540439544.171057,90
1540439544.195257,92
1540439544.210164,93
1540439544.227014,93
1540439544.241572,93
1540439544.255993,93
1540439544.273045,93
1540439544.288445,94
1540439544.303500,94
1540439544.318899,94
1540439544.334279,94
1540439544.349861,92
1540439544.364387,92
1540439544.379085,93
1540439544.395969,94
1540439544.410713,94
1540439544.425208,94
1540439544.440621,94
1540439544.457340,94
1540439544.472049,94
1540439544.487501,95
1540439544.503451,95
1540439544.519060,95
1540439544.533002,96
1540439544.547864,96
1540439544.563430,96
1540439544.578834,97
1540439544.594332,97
1540439544.609928,95
1540439544.626906,97
1540439544.644139,97
1540439544.659748,97
1540439544.676556,98
1540439544.691390,98
1540439544.707827,98
1540439544.723506,98
1540439544.737635,96
1540439544.752691,96
1540439544.767446,97
1540439544.782043,97
1540439544.796322,98
1540439544.812949,98
1540439544.829977,98
1540439544.844938,98
1540439544.861890,98
1540439544.877361,98
1540439544.892088,98
1540439544.907183,99
1540439544.921220,100
1540439544.937360,100
1540439544.951357,100
1540439544.973908,99
1540439544.995360,99
1540439545.031275,99
1540439545.050715,99
1540439545.067875,99
1540439545.085380,99
1540439545.100984,99
1540439545.115861,99
1540439545.131692,100
1540439545.158659,98
1540439545.186895,99
1540439545.213007,100
1540439545.237203,98
1540439545.260738,99
1540439545.286821,98
1540439545.308377,100
1540439545.329517,99
1540439545.353793,98
1540439545.377291,99
1540439545.401618,100
1540439545.424393,99
1540439545.449546,98
1540439545.472190,100
1540439545.496724,98
1540439545.517827,100
1540439545.541850,99
1540439545.569248,99
1540439545.595320,100
1540439545.616816,99
1540439545.640969,98
1540439545.662364,100
1540439545.685732,99
1540439545.712761,99
1540439545.739708,98
1540439545.754692,98
1540439545.770596,98
1540439545.785036,99
1540439545.800229,99
1540439545.814741,99
1540439545.830670,99
1540439545.846017,99
1540439545.865422,99
1540439545.880782,99
1540439545.897121,98
1540439545.911574,97
1540439545.926309,97
1540439545.942407,96
1540439545.960621,95
1540439545.985363,95
1540439546.015180,93
1540439546.033502,93
1540439546.052482,91
1540439546.066439,91
1540439546.083474,91
1540439546.097950,91
1540439546.114282,90
1540439546.128611,89
1540439546.146042,88
1540439546.161408,88
1540439546.176454,87
1540439546.191788,87
1540439546.209663,86
1540439546.224788,85
1540439546.239738,85
1540439546.254465,84
1540439546.275586,83
1540439546.290529,83
1540439546.305288,82
1540439546.321376,82
1540439546.336189,80
1540439546.353138,80
1540439546.368498,79
1540439546.384053,78
1540439546.399308,78
1540439546.413460,78
1540439546.429517,78
1540439546.444435,77
1540439546.460870,76
1540439546.475586,76
1540439546.490187,75
1540439546.505448,74
1540439546.520147,74
1540439546.534157,74
1540439546.548862,73
1540439546.563228,72
1540439546.577803,71
1540439546.592751,72
1540439546.607635,72
1540439546.622938,72
1540439546.637383,72
1540439546.651410,71
1540439546.665687,72
1540439546.681996,71
1540439546.696348,72
1540439546.712104,72
1540439546.726568,72
1540439546.740696,72
1540439546.755336,72
1540439546.770957,71
1540439546.786038,72
1540439546.800762,72
1540439546.815785,72
1540439546.830688,72
1540439546.845328,72
1540439546.864092,72
1540439546.882859,72
1540439546.897085,72
1540439546.911571,72
1540439546.926313,72
1540439546.942850,71
1540439546.966299,71
1540439546.988204,72
1540439547.014251,72
1540439547.030017,71
1540439547.050808,72
1540439547.065856,72
1540439547.081464,72
1540439547.098367,72
1540439547.114865,72
1540439547.130624,72
1540439547.153821,72
1540439547.181453,73
1540439547.196184,74
1540439547.210536,73
1540439547.225734,74
1540439547.240219,74
1540439547.259085,73
1540439547.272994,74
1540439547.287156,73
1540439547.302725,73
1540439547.316893,73
1540439547.331886,74
1540439547.346958,74
1540439547.361651,75
1540439547.378563,75
1540439547.393813,75
1540439547.407852,75
1540439547.424175,75
1540439547.440619,75
1540439547.455808,75
1540439547.470826,75
1540439547.485071,73
1540439547.501765,73
1540439547.515817,75
1540439547.531441,75
1540439547.547135,75
1540439547.562703,75
1540439547.577304,75
1540439547.592015,75
1540439547.609148,75
1540439547.626202,75
1540439547.641033,75
1540439547.655464,75
1540439547.671993,76
1540439547.688632,76
1540439547.703348,76
1540439547.717525,77
1540439547.733919,77
1540439547.748153,77
1540439547.763525,77
1540439547.778109,77
1540439547.795166,75
1540439547.811863,78
1540439547.826565,78
1540439547.840696,76
1540439547.857991,78
1540439547.875083,76
1540439547.891071,78
1540439547.906678,78
1540439547.920785,76
1540439547.936113,77
1540439547.950980,78
1540439547.965334,78
1540439547.983290,78
1540439548.008191,79
1540439548.048426,78
1540439548.075425,78
1540439548.090655,79
1540439548.107567,79
1540439548.126259,79
1540439548.141597,79
1540439548.156952,79
1540439548.190427,79
1540439548.213348,80
1540439548.244189,79
1540439548.267203,80
1540439548.288951,80
1540439548.313919,81
1540439548.336820,80
1540439548.394972,81
1540439548.433563,82
1540439548.477713,83
1540439548.503162,82
1540439548.526348,82
1540439548.556255,84
1540439548.578972,83
1540439548.607054,84
1540439548.629368,83
1540439548.652950,84
1540439548.679635,83
1540439548.701497,84
1540439548.724200,83
1540439548.748432,85
1540439548.773179,84
1540439548.797711,85
1540439548.825645,83
1540439548.849604,84
1540439548.874721,85
1540439548.909253,86
1540439548.924144,86
1540439548.939897,84
1540439548.962864,85
1540439548.991678,86
1540439549.095927,95
1540439549.138966,96
1540439549.182267,95
1540439549.215398,95
1540439549.233481,97
1540439549.250299,97
1540439549.265126,97
1540439549.280410,97
1540439549.295485,97
1540439549.311218,95
1540439549.325183,95
1540439549.339735,96
1540439549.357397,96
1540439549.372860,96
1540439549.388416,96
1540439549.402406,97
1540439549.419720,97
1540439549.435622,97
1540439549.450603,97
1540439549.464971,97
1540439549.481921,97
1540439549.498001,97
1540439549.512979,97
1540439549.529460,97
1540439549.550282,97
1540439549.579030,97
1540439549.600090,97
1540439549.615564,97
1540439549.630607,97
1540439549.647673,97
1540439549.662848,97
1540439549.677456,97
1540439549.693035,97
1540439549.740398,99
1540439549.791759,99
1540439549.822207,100
1540439549.837093,98
1540439549.853785,98
1540439549.868471,98
1540439549.886701,100
1540439549.902774,98
1540439549.919325,100
1540439549.935104,98
1540439549.950057,98
1540439549.964482,98
1540439549.983984,100
1540439550.009430,99
1540439550.049603,98
1540439550.084891,99
1540439550.111413,98
1540439550.132397,100
1540439550.147285,100
1540439550.182243,100
1540439550.197205,100
1540439550.214855,100
1540439550.228987,100
1540439550.244099,100
1540439550.258357,100
1540439550.273460,98
1540439550.289014,98
1540439550.303987,98
1540439550.318138,99
1540439550.333079,99
1540439550.349106,99
1540439550.363658,99
1540439550.377902,99
1540439550.393047,99
1540439550.407684,100
1540439550.425815,99
1540439550.439889,100
1540439550.454665,100
1540439550.469763,100
1540439550.484217,100
1540439550.500118,100
1540439550.552978,99
1540439550.569386,99
1540439550.586233,99
1540439550.603860,98
1540439550.620543,99
1540439550.636174,97
1540439550.654593,99
1540439550.669406,98
1540439550.684112,98
1540439550.700223,98
1540439550.714924,97
1540439550.730375,97
1540439550.745596,96
1540439550.798864,93
1540439550.822968,93
1540439550.841330,92
1540439550.863744,92
1540439550.880153,91
1540439550.896771,90
1540439550.914546,90
1540439550.937822,89
1540439550.956767,88
1540439550.982678,86
1540439551.012892,86
1540439551.030005,84
1540439551.060766,84
1540439551.082619,83
1540439551.113377,82
1540439551.137099,81
1540439551.153370,80
1540439551.170975,80
1540439551.191146,79
1540439551.206949,79
1540439551.224664,77
1540439551.239894,78
1540439551.267153,76
1540439551.297790,75
1540439551.321183,73
1540439551.343270,77
1540439551.384261,80
1540439551.469967,76
1540439551.496224,79
1540439551.520243,79
1540439551.548420,79
1540439551.576692,79
1540439551.603245,79
1540439551.634939,78
1540439551.695093,79
1540439551.734481,79
1540439551.769250,80
1540439551.814031,79
1540439551.852614,79
1540439551.887686,80
1540439551.931046,81
1540439551.973281,81
1540439552.033433,83
1540439552.076544,83
1540439552.103847,85
1540439552.143110,85
1540439552.174052,84
1540439552.200755,85
1540439552.225845,84
1540439552.250455,85
1540439552.275050,84
1540439552.297400,86
1540439552.321096,85
1540439552.344206,86
1540439552.369476,85
1540439552.396851,87
1540439552.424285,86
1540439552.453227,86
1540439552.490350,87
1540439552.519629,87
1540439552.535338,88
1540439552.551582,88
1540439552.600491,88
1540439552.633138,89
1540439552.658648,91
1540439552.675347,92
1540439552.691032,92
1540439552.706623,92
1540439552.721360,92
1540439552.736533,93
1540439552.754782,93
1540439552.769406,93
1540439552.783397,91
1540439552.799116,91
1540439552.813718,92
1540439552.828647,92
1540439552.845326,93
1540439552.861684,93
1540439552.878596,93
1540439552.893538,93
1540439552.907642,93
1540439552.923617,93
1540439552.939196,93
1540439552.960647,93
1540439552.974920,93
1540439552.989230,94
1540439553.005557,94
1540439553.020595,94
1540439553.035024,94
1540439553.076388,95
1540439553.105625,93
1540439553.138526,94
1540439553.159897,95
1540439553.196980,96
1540439553.221142,96
1540439553.235861,94
1540439553.250380,95
1540439553.264966,95
1540439553.280626,95
1540439553.297868,96
1540439553.326618,97
1540439553.348910,95
1540439553.367782,96
1540439553.384616,97
1540439553.401135,97
1540439553.416120,97
1540439553.433165,96
1540439553.448760,96
1540439553.465720,96
1540439553.490115,98
1540439553.504713,98
1540439553.536679,96
1540439553.554253,97
1540439553.571704,97
1540439553.593797,97
1540439553.607804,99
1540439553.623689,97
1540439553.638672,97
1540439553.669625,98
1540439553.684522,98
1540439553.700353,98
1540439553.717383,98
1540439553.732213,98
1540439553.745886,98
1540439553.761028,98
1540439553.787037,99
1540439553.803214,97
1540439553.821073,99
1540439553.836047,99
1540439553.852035,99
1540439553.867383,99
1540439553.881442,97
1540439553.896359,99
1540439553.911173,99
1540439553.925345,99
1540439553.940536,99
1540439553.957525,99
1540439553.972539,99
1540439553.986406,99
1540439554.000604,100
1540439554.014398,100
1540439554.030576,100
1540439554.046978,100
1540439554.077628,98
1540439554.112746,97
1540439554.157711,91
1540439554.181126,89
1540439554.215734,86
1540439554.231208,83
1540439554.244808,81
1540439554.274724,80
1540439554.295296,77
1540439554.319733,75
1540439554.343732,75
1540439554.364230,75
1540439554.389766,74
1540439554.408707,75
1540439554.423013,73
1540439554.437646,73
1540439554.452136,74
1540439554.467964,74
1540439554.483729,74
1540439554.497738,74
1540439554.512826,74
1540439554.528442,74
1540439554.544958,74
1540439554.560125,74
1540439554.574374,75
1540439554.594720,74
1540439554.611175,74
1540439554.625698,74
1540439554.641379,74
1540439554.655699,75
1540439554.671327,75
1540439554.685786,75
1540439554.701018,76
1540439554.717112,76
1540439554.734815,76
1540439554.749504,76
1540439554.764789,76
1540439554.780350,76
1540439554.797405,76
1540439554.813301,76
1540439554.828437,76
1540439554.842976,74
1540439554.876331,75
1540439554.891358,74
1540439554.930004,74
1540439554.959127,76
1540439554.998399,75
1540439555.018659,76
1540439555.035545,76
1540439555.052628,76
1540439555.072485,75
1540439555.089495,75
1540439555.111518,75
1540439555.152448,76
1540439555.179417,74
1540439555.201259,76
1540439555.235427,75
1540439555.258284,75
1540439555.284767,75
1540439555.308302,75
1540439555.329859,76
1540439555.354282,75
1540439555.374466,76
1540439555.396750,76
1540439555.420901,75
1540439555.447553,75
1540439555.488684,76
1540439555.518487,73
1540439555.540647,75
1540439555.568509,74
1540439555.617665,75
1540439555.644299,74
1540439555.667969,75
1540439555.693907,74
1540439555.717132,75
1540439555.740444,74
1540439555.764283,75
1540439555.793099,74
1540439555.819481,74
1540439555.844102,75
1540439555.868746,74
1540439555.891248,73
1540439555.912185,75
1540439555.925954,75
1540439555.943766,76
1540439555.957440,76
1540439555.972490,76
1540439555.991195,76
1540439556.008324,76
1540439556.023115,76
1540439556.038668,76
1540439556.053679,76
1540439556.077437,75
1540439556.097773,75
1540439556.113544,75
1540439556.137522,75
1540439556.167915,73
1540439556.207658,74
1540439556.240566,74
1540439556.261625,73
1540439556.278128,73
1540439556.293243,73
1540439556.307727,74
1540439556.324181,74
1540439556.340032,74
1540439556.355000,74
1540439556.368721,74
1540439556.383849,74
1540439556.399746,74
1540439556.414587,74
1540439556.428520,75
1540439556.449546,74
1540439556.465844,74
1540439556.479952,74
1540439556.495770,74
1540439556.511222,74
1540439556.528146,74
1540439556.544053,74
1540439556.558391,76
1540439556.572423,76
1540439556.588926,76
1540439556.603875,76
1540439556.619001,76
1540439556.634513,76
1540439556.650901,76
1540439556.678357,75
1540439556.698566,76
1540439556.715471,76
1540439556.729722,74
