1540257733.594890,0
1540257733.640554,0
1540257733.675534,0
1540257733.695909,0
1540257733.718997,0
1540257733.745518,0
1540257733.767480,0
1540257733.790338,0
1540257733.813286,0
1540257733.835943,0
1540257733.862861,0
1540257733.886599,0
1540257733.914247,0
1540257733.964580,0
1540257734.015791,0
1540257734.050983,0
1540257734.081205,0
1540257734.106626,0
1540257734.127645,0
1540257734.149699,0
1540257734.173274,0
1540257734.195366,0
1540257734.219337,0
1540257734.241825,0
1540257734.264220,0
1540257734.286828,0
1540257734.311966,0
1540257734.338819,0
1540257734.364552,0
1540257734.388637,0
1540257734.411474,0
1540257734.438499,0
1540257734.459558,0
1540257734.481992,0
1540257734.504011,0
1540257734.555984,0
1540257734.584641,0
1540257734.604366,0
1540257734.624700,0
1540257734.671500,0
1540257734.712059,0
1540257734.761378,0
1540257734.802281,0
1540257734.843663,0
1540257734.880131,0
1540257734.921447,0
1540257734.950771,0
1540257734.992505,0
1540257735.019793,0
1540257735.042788,0
1540257735.067763,0
1540257735.092465,0
1540257735.118627,0
1540257735.142397,0
1540257735.166490,0
1540257735.233830,0
1540257735.266347,0
1540257735.297123,0
1540257735.320438,0
1540257735.343812,0
1540257735.367539,0
1540257735.388409,0
1540257735.437347,0
1540257735.471408,0
1540257735.498158,0
1540257735.526510,0
1540257735.559204,0
1540257735.584584,0
1540257735.613823,0
1540257735.635501,0
1540257735.658518,0
1540257735.681553,0
1540257735.715582,0
1540257735.742500,0
1540257735.777975,0
1540257735.799693,0
1540257735.819953,0
1540257735.841240,0
1540257735.886892,0
1540257735.919904,0
1540257735.960086,0
1540257735.994528,0
1540257736.027768,0
1540257736.059778,0
1540257736.086450,0
1540257736.111381,0
1540257736.133978,0
1540257736.156848,0
1540257736.180931,0
1540257736.206262,0
1540257736.234830,0
1540257736.260094,0
1540257736.283123,0
1540257736.310713,0
1540257736.334456,0
1540257736.356916,0
1540257736.379937,0
1540257736.404805,0
1540257736.456015,0
1540257736.521200,0
1540257736.565027,0
1540257736.602758,0
1540257736.651136,0
1540257736.713128,0
1540257736.781421,0
1540257736.825896,0
1540257736.865424,0
1540257736.917783,0
1540257736.941158,0
1540257736.963437,0
1540257736.986297,0
1540257737.006903,0
1540257737.045104,0
1540257737.074552,0
1540257737.103509,0
1540257737.123448,0
1540257737.146842,0
1540257737.172393,0
1540257737.197414,0
1540257737.218392,0
1540257737.240526,0
1540257737.263421,0
1540257737.287535,0
1540257737.310520,0
1540257737.334813,0
1540257737.356663,0
1540257737.379695,0
1540257737.404216,0
1540257737.427033,0
1540257737.449163,0
1540257737.471338,0
1540257737.494453,0
1540257737.525173,0
1540257737.546618,0
1540257737.575204,0
1540257737.598400,0
1540257737.622396,0
1540257737.667855,0
1540257737.711171,0
1540257737.748833,0
1540257737.814539,0
1540257737.846078,0
1540257737.892729,0
1540257737.950245,0
1540257737.983712,0
1540257738.033889,0
1540257738.081922,0
1540257738.119502,0
1540257738.168016,0
1540257738.202062,0
1540257738.231653,0
1540257738.272161,0
1540257738.324199,0
1540257738.359875,0
1540257738.388443,0
1540257738.409532,0
1540257738.434337,0
1540257738.456783,0
1540257738.480140,0
1540257738.504383,0
1540257738.527190,0
1540257738.552291,0
1540257738.574428,0
1540257738.604306,0
1540257738.637232,0
1540257738.668073,0
1540257738.695207,0
1540257738.722369,0
1540257738.760431,0
1540257738.856801,0
1540257738.915834,0
1540257738.953221,0
1540257738.998406,0
1540257739.071740,0
1540257739.141385,0
1540257739.197411,0
1540257739.241734,0
1540257739.313859,0
1540257739.359551,0
1540257739.398369,0
1540257739.429462,0
1540257739.455467,0
1540257739.480696,0
1540257739.549584,0
1540257739.594886,0
1540257739.657069,0
1540257739.717094,0
1540257739.768043,0
1540257739.842667,0
1540257739.887279,0
1540257739.950612,0
1540257739.993116,0
1540257740.056349,0
1540257740.105598,0
1540257740.143857,0
1540257740.179173,0
1540257740.210367,0
1540257740.253185,0
1540257740.290341,0
1540257740.318494,0
1540257740.346835,0
1540257740.371594,0
1540257740.420375,0
1540257740.463636,0
1540257740.510013,0
1540257740.537011,0
1540257740.566107,0
1540257740.587846,0
1540257740.608053,0
1540257740.629022,0
1540257740.652464,0
1540257740.676097,0
1540257740.710570,0
1540257740.746078,0
1540257740.770625,0
1540257740.791727,0
1540257740.814369,0
1540257740.842516,0
1540257740.872706,0
1540257740.915167,0
1540257740.938332,0
1540257740.960372,0
1540257740.981966,0
1540257741.007889,0
1540257741.030397,0
1540257741.053739,0
1540257741.074303,0
1540257741.098673,0
1540257741.120033,0
1540257741.140911,0
1540257741.162542,0
1540257741.182003,0
1540257741.203999,0
1540257741.228316,0
1540257741.250527,0
1540257741.274299,0
1540257741.294132,0
1540257741.333843,0
1540257741.362376,0
1540257741.387615,0
1540257741.410552,0
1540257741.434622,0
1540257741.455858,0
1540257741.477764,0
1540257741.499550,0
1540257741.521062,0
1540257741.551422,0
1540257741.572477,0
1540257741.594338,0
1540257741.615504,0
1540257741.638410,0
1540257741.660055,0
1540257741.681918,0
1540257741.707410,0
1540257741.730322,0
1540257741.751296,0
1540257741.774324,0
1540257741.798310,0
1540257741.818597,0
1540257741.842363,0
1540257741.867681,0
1540257741.893791,0
1540257741.940630,0
1540257741.967535,0
1540257742.003474,0
1540257742.026584,0
1540257742.057555,0
1540257742.118023,0
1540257742.160873,0
1540257742.208359,0
1540257742.261952,0
1540257742.317107,0
1540257742.381951,0
1540257742.423027,0
1540257742.478579,0
1540257742.510849,0
1540257742.572249,0
1540257742.620935,0
1540257742.665521,0
1540257742.721195,0
1540257742.779050,0
1540257742.843607,0
1540257742.889468,0
1540257742.922714,0
1540257743.002888,0
1540257743.030481,0
1540257743.067016,0
1540257743.096073,0
1540257743.137805,0
1540257743.158310,0
1540257743.181505,0
1540257743.203320,0
1540257743.223945,0
1540257743.245550,0
1540257743.266985,0
1540257743.289848,0
1540257743.311578,0
1540257743.332822,0
1540257743.356901,0
1540257743.379387,0
1540257743.399291,0
1540257743.420816,0
1540257743.444349,0
1540257743.470495,0
1540257743.491490,0
1540257743.512491,0
1540257743.533663,0
1540257743.556122,0
1540257743.580365,0
1540257743.603209,0
1540257743.625285,0
1540257743.647428,0
1540257743.670342,0
1540257743.696517,0
1540257743.727504,0
1540257743.755838,0
1540257743.778024,0
1540257743.802495,0
1540257743.827897,0
1540257743.851274,0
1540257743.874387,0
1540257743.902351,0
1540257743.930446,0
1540257743.968351,0
1540257743.990163,0
1540257744.011347,0
1540257744.046417,0
1540257744.071300,0
1540257744.094363,0
1540257744.115334,0
1540257744.139171,0
1540257744.162315,0
1540257744.187325,0
1540257744.210397,0
1540257744.234192,0
1540257744.254302,0
1540257744.279773,0
1540257744.303796,0
1540257744.327731,0
1540257744.363875,0
1540257744.392313,0
1540257744.414379,0
1540257744.443518,0
1540257744.464787,0
1540257744.487347,0
1540257744.509835,0
1540257744.531688,0
1540257744.551836,0
1540257744.571475,0
1540257744.614458,0
1540257744.636208,0
1540257744.658365,0
1540257744.680314,0
1540257744.703439,0
1540257744.727690,0
1540257744.751899,0
1540257744.777646,0
1540257744.802306,0
1540257744.827853,0
1540257744.851928,0
1540257744.874497,0
1540257744.898517,0
1540257744.933840,0
1540257744.969665,0
1540257745.014775,0
1540257745.043023,0
1540257745.066442,0
1540257745.087453,0
1540257745.136785,0
1540257745.162485,0
1540257745.190362,0
1540257745.211497,0
1540257745.232038,0
1540257745.254498,0
1540257745.275443,0
1540257745.298926,0
1540257745.319368,0
1540257745.341638,0
1540257745.367196,0
1540257745.391602,0
1540257745.419335,0
1540257745.440373,0
1540257745.464295,0
1540257745.486411,0
1540257745.512136,0
1540257745.534427,0
1540257745.557330,0
1540257745.579768,0
1540257745.603274,0
1540257745.627594,0
1540257745.651139,0
1540257745.682585,0
1540257745.715979,0
1540257745.739274,0
1540257745.759468,0
1540257745.780870,0
1540257745.804451,0
1540257745.826780,0
1540257745.851541,0
1540257745.874320,0
1540257745.897938,0
1540257745.921576,0
1540257745.943288,0
1540257745.970301,0
1540257746.003603,0
1540257746.034639,0
1540257746.055366,0
1540257746.075577,0
1540257746.096517,0
1540257746.127911,0
1540257746.163163,0
1540257746.207016,0
1540257746.230340,0
1540257746.253520,0
1540257746.282480,0
1540257746.318526,0
1540257746.344874,0
1540257746.368378,0
1540257746.390410,0
1540257746.414415,0
1540257746.435196,0
1540257746.460249,0
1540257746.481936,0
1540257746.505945,0
1540257746.527616,0
1540257746.552302,0
1540257746.574509,0
1540257746.598316,0
1540257746.619001,0
1540257746.638332,0
1540257746.658470,0
1540257746.680671,0
1540257746.704841,0
1540257746.727345,0
1540257746.750576,0
1540257746.771568,0
1540257746.794301,0
1540257746.815542,0
1540257746.835260,0
1540257746.857753,0
1540257746.893123,0
1540257746.919364,0
1540257746.940076,0
1540257746.963324,0
1540257746.990473,0
1540257747.020829,0
1540257747.055862,0
1540257747.076311,0
1540257747.097931,0
1540257747.121401,0
1540257747.144071,0
1540257747.167265,0
1540257747.187608,0
1540257747.209718,0
1540257747.234520,0
1540257747.256166,0
1540257747.275404,0
1540257747.298334,0
1540257747.367683,11
1540257747.429027,17
1540257747.466743,20
1540257747.489963,19
1540257747.511313,20
1540257747.535506,20
1540257747.555580,20
1540257747.578008,20
1540257747.598569,20
1540257747.620551,19
1540257747.641344,20
1540257747.664588,18
1540257747.686366,17
1540257747.707990,15
1540257747.729817,14
1540257747.749467,13
1540257747.772266,16
1540257747.796054,17
1540257747.819969,18
1540257747.843713,18
1540257747.864209,19
1540257747.885272,18
1540257747.905619,19
1540257747.955165,19
1540257747.982418,20
1540257748.014452,19
1540257748.059824,20
1540257748.080885,20
1540257748.102478,19
1540257748.122300,20
1540257748.143752,19
1540257748.165331,19
1540257748.189756,19
1540257748.214700,16
1540257748.235920,16
1540257748.256126,14
1540257748.279433,13
1540257748.302461,12
1540257748.324557,10
1540257748.347637,10
1540257748.369534,10
1540257748.391307,11
1540257748.411357,11
1540257748.434066,11
1540257748.455438,11
1540257748.475569,12
1540257748.499515,12
1540257748.537184,12
1540257748.563495,12
1540257748.591098,13
1540257748.614318,13
1540257748.644022,13
1540257748.667689,12
1540257748.688943,13
1540257748.711292,14
1540257748.733341,14
1540257748.754586,14
1540257748.778160,14
1540257748.802517,14
1540257748.822460,15
1540257748.843605,15
1540257748.867352,15
1540257748.890222,15
1540257748.912276,15
1540257748.934426,14
1540257748.956766,15
1540257748.978668,16
1540257749.005908,16
1540257749.030891,16
1540257749.067457,17
1540257749.090240,17
1540257749.113532,18
1540257749.144265,18
1540257749.169312,17
1540257749.194666,17
1540257749.217170,17
1540257749.240421,16
1540257749.265190,18
1540257749.286307,18
1540257749.313625,18
1540257749.335566,18
1540257749.356354,18
1540257749.379899,17
1540257749.403328,17
1540257749.424155,19
1540257749.446335,19
1540257749.466890,18
1540257749.491239,19
1540257749.515501,18
1540257749.537540,19
1540257749.559058,19
1540257749.580224,18
1540257749.603388,19
1540257749.638580,20
1540257749.662650,19
1540257749.686312,20
1540257749.710265,20
1540257749.750695,20
1540257749.778041,20
1540257749.804043,20
1540257749.826728,20
1540257749.855439,19
1540257749.878184,20
1540257749.899943,19
1540257749.920183,20
1540257749.942061,20
1540257749.966519,20
1540257749.996285,17
1540257750.025785,16
1540257750.066820,12
1540257750.091008,12
1540257750.115374,10
1540257750.139354,10
1540257750.161954,11
1540257750.187513,11
1540257750.211323,11
1540257750.233639,11
1540257750.255127,13
1540257750.277291,12
1540257750.299702,13
1540257750.336428,13
1540257750.366636,13
1540257750.391880,12
1540257750.415335,13
1540257750.438479,13
1540257750.461162,13
1540257750.483732,12
1540257750.511357,13
1540257750.535316,14
1540257750.558044,14
1540257750.581330,14
1540257750.603071,13
1540257750.625051,15
1540257750.647241,15
1540257750.668067,15
1540257750.691674,14
1540257750.713102,15
1540257750.735965,15
1540257750.756016,15
1540257750.779864,15
1540257750.805788,16
1540257750.826745,16
1540257750.852659,15
1540257750.876095,15
1540257750.903234,16
1540257750.948915,16
1540257750.972153,17
1540257750.993142,17
1540257751.021485,17
1540257751.056777,18
1540257751.095369,17
1540257751.118444,18
1540257751.143124,17
1540257751.167239,17
1540257751.188862,18
1540257751.211491,19
1540257751.234496,18
1540257751.254851,19
1540257751.279354,18
1540257751.302512,19
1540257751.324794,19
1540257751.347544,19
1540257751.373956,19
1540257751.397566,20
1540257751.421784,20
1540257751.445898,20
1540257751.467705,20
1540257751.490215,19
1540257751.511903,20
1540257751.548535,20
1540257751.572880,19
1540257751.595060,20
1540257751.615957,20
1540257751.636333,19
1540257751.658499,20
1540257751.680992,20
1540257751.706888,19
1540257751.730896,20
1540257751.759570,19
1540257751.785385,17
1540257751.810563,16
1540257751.836123,14
1540257751.858102,13
1540257751.879385,11
1540257751.904165,9
1540257751.927349,9
1540257751.948152,11
1540257751.970952,11
1540257751.993212,11
1540257752.014175,10
1540257752.041945,12
1540257752.081098,11
1540257752.113190,12
1540257752.163541,12
1540257752.194807,13
1540257752.217527,13
1540257752.238370,13
1540257752.258604,12
1540257752.280903,14
1540257752.304519,14
1540257752.327280,14
1540257752.351697,14
1540257752.378391,14
1540257752.400470,15
1540257752.423707,15
1540257752.444998,15
1540257752.467603,14
1540257752.488898,15
1540257752.514391,15
1540257752.542317,15
1540257752.564391,15
1540257752.587448,16
1540257752.613063,16
1540257752.641625,16
1540257752.667126,16
1540257752.730417,17
1540257752.775688,17
1540257752.826621,17
1540257752.889262,18
1540257752.948113,18
1540257752.980817,18
1540257753.015355,19
1540257753.042018,18
1540257753.087504,19
1540257753.109131,19
1540257753.137155,18
1540257753.161956,19
1540257753.193560,19
1540257753.219442,19
1540257753.245700,20
1540257753.270272,20
1540257753.292896,19
1540257753.315733,19
1540257753.359887,19
1540257753.382348,19
1540257753.404146,19
1540257753.426469,20
1540257753.449140,20
1540257753.471527,19
1540257753.494463,20
1540257753.516579,19
1540257753.538503,20
1540257753.559584,18
1540257753.583646,16
1540257753.604368,15
1540257753.625870,14
1540257753.650321,12
1540257753.674454,10
1540257753.697713,9
1540257753.719224,10
1540257753.739303,11
1540257753.759521,11
1540257753.781232,11
1540257753.813929,10
1540257753.854886,11
1540257753.894461,12
1540257753.942261,13
1540257753.979471,13
1540257754.000782,13
1540257754.025078,13
1540257754.045505,13
1540257754.068353,14
1540257754.096395,14
1540257754.178316,13
1540257754.219289,15
1540257754.264124,14
1540257754.321934,16
1540257754.370142,15
1540257754.406148,16
1540257754.454704,16
1540257754.494795,17
1540257754.543782,17
1540257754.611000,17
1540257754.659340,18
1540257754.721481,18
1540257754.760140,18
1540257754.820762,19
1540257754.887332,17
1540257754.959930,19
1540257755.045702,19
1540257755.105051,20
1540257755.142484,19
1540257755.197610,19
1540257755.254361,19
1540257755.304448,20
1540257755.347919,17
1540257755.413827,14
1540257755.484732,9
1540257755.536362,11
1540257755.591464,11
1540257755.636356,12
1540257755.701003,12
1540257755.766966,13
1540257755.823106,13
1540257755.856854,13
1540257755.884603,14
1540257755.914546,14
1540257755.968444,13
1540257755.995304,15
1540257756.043827,15
1540257756.123272,16
1540257756.184360,16
1540257756.247950,16
1540257756.303499,16
1540257756.354758,17
1540257756.398110,17
1540257756.463012,18
1540257756.531292,17
1540257756.572089,19
1540257756.636588,19
1540257756.692453,19
1540257756.752885,20
1540257756.820657,20
1540257756.883049,20
1540257756.915935,20
1540257756.960173,20
1540257757.000583,19
1540257757.052321,20
1540257757.101188,18
1540257757.142650,17
1540257757.184969,15
1540257757.224539,12
1540257757.274064,9
1540257757.329286,11
1540257757.408687,11
1540257757.451941,11
1540257757.477068,11
1540257757.500096,13
1540257757.523328,12
1540257757.543539,13
1540257757.567320,12
1540257757.588995,12
1540257757.609455,13
1540257757.634337,14
1540257757.680513,14
1540257757.704930,14
1540257757.732639,13
1540257757.755458,15
1540257757.778551,15
1540257757.801740,15
1540257757.824099,15
1540257757.850665,14
1540257757.874569,15
1540257757.898387,16
1540257757.920377,16
1540257757.943880,15
1540257757.969116,16
1540257757.990849,15
1540257758.011793,16
1540257758.032815,17
1540257758.055156,16
1540257758.078882,16
1540257758.102365,17
1540257758.123713,17
1540257758.146723,16
1540257758.178035,17
1540257758.211184,17
1540257758.245002,18
1540257758.274448,17
1540257758.300743,18
1540257758.321649,18
1540257758.342183,18
1540257758.365866,19
1540257758.387305,18
1540257758.410230,19
1540257758.431770,19
1540257758.452682,18
1540257758.473468,19
1540257758.498772,19
1540257758.521705,20
1540257758.542527,19
1540257758.564792,20
1540257758.586580,20
1540257758.610500,20
1540257758.634622,20
1540257758.657454,20
1540257758.686679,19
1540257758.707848,20
1540257758.730409,20
1540257758.754657,20
1540257758.776886,20
1540257758.798206,20
1540257758.820294,20
1540257758.842008,20
1540257758.864923,19
1540257758.887234,18
1540257758.910494,18
1540257758.934034,17
1540257758.954455,15
1540257758.978063,13
1540257758.998749,13
1540257759.019809,11
1540257759.040759,9
1540257759.060958,10
1540257759.087376,11
1540257759.111448,11
1540257759.134075,11
1540257759.156137,10
1540257759.178465,12
1540257759.199468,12
1540257759.220926,12
1540257759.244127,11
1540257759.270527,12
1540257759.298370,13
1540257759.337859,12
1540257759.367815,12
1540257759.391606,11
1540257759.414275,12
1540257759.436055,12
1540257759.460011,13
1540257759.488098,11
1540257759.510401,12
1540257759.534246,11
1540257759.557080,14
1540257759.582482,13
1540257759.605663,14
1540257759.627425,13
1540257759.650521,14
1540257759.671817,13
1540257759.694237,13
1540257759.716612,14
1540257759.738308,13
1540257759.759876,12
1540257759.780216,14
1540257759.803408,14
1540257759.826377,14
1540257759.847450,15
1540257759.870371,14
1540257759.894439,15
1540257759.915364,14
1540257759.938116,14
1540257759.961047,15
1540257759.985330,14
1540257760.006175,15
1540257760.029710,14
1540257760.049574,14
1540257760.070569,13
1540257760.093073,15
1540257760.115129,15
1540257760.139005,15
1540257760.161409,15
1540257760.182633,16
1540257760.203426,15
1540257760.228161,14
1540257760.254362,15
1540257760.280596,16
1540257760.308461,14
1540257760.350304,15
1540257760.372924,16
1540257760.393265,15
1540257760.415463,16
1540257760.438411,16
1540257760.466632,16
1540257760.491795,17
1540257760.515739,16
1540257760.539075,17
1540257760.562527,16
1540257760.592640,16
1540257760.615028,16
1540257760.640140,16
1540257760.660386,16
1540257760.683571,18
1540257760.704125,17
1540257760.726403,17
1540257760.748760,18
1540257760.770515,17
1540257760.792791,17
1540257760.825985,17
1540257760.849484,18
1540257760.871180,17
1540257760.894168,18
1540257760.918467,17
1540257760.943865,18
1540257760.964895,17
1540257760.986584,16
1540257761.007379,19
1540257761.032137,18
1540257761.052136,17
1540257761.074371,19
1540257761.098277,18
1540257761.119860,19
1540257761.139993,19
1540257761.162994,18
1540257761.188243,19
1540257761.220169,17
1540257761.241687,18
1540257761.263558,18
1540257761.294664,19
1540257761.319899,19
1540257761.368573,20
1540257761.415021,20
1540257761.449029,20
1540257761.489384,19
1540257761.510715,20
1540257761.541650,18
1540257761.570544,19
1540257761.594231,20
1540257761.615632,19
1540257761.638533,19
1540257761.661453,20
1540257761.684986,19
1540257761.707549,20
1540257761.728335,19
1540257761.749739,18
1540257761.772074,20
1540257761.796078,19
1540257761.820715,20
1540257761.841786,19
1540257761.863784,18
1540257761.887642,19
1540257761.911706,17
1540257761.932100,16
1540257761.955590,15
1540257761.979351,13
1540257762.002183,12
1540257762.021574,11
1540257762.046131,9
1540257762.070500,11
1540257762.094367,11
1540257762.115680,11
1540257762.138294,10
1540257762.160894,11
1540257762.183810,12
1540257762.216501,10
1540257762.243826,11
1540257762.264156,11
1540257762.291499,11
1540257762.318368,12
1540257762.356078,12
1540257762.403117,11
1540257762.425678,12
1540257762.449937,13
1540257762.472253,12
1540257762.493382,13
1540257762.519247,12
1540257762.542236,11
1540257762.566653,12
1540257762.588042,11
1540257762.610336,13
1540257762.634575,12
1540257762.658345,14
1540257762.680968,13
1540257762.717355,12
1540257762.738327,14
1540257762.763547,13
1540257762.784985,14
1540257762.806108,13
1540257762.828199,13
1540257762.852352,14
1540257762.875530,13
1540257762.897478,15
1540257762.919150,14
1540257762.941439,14
1540257762.964111,15
1540257762.986344,14
1540257763.007145,14
1540257763.029468,15
1540257763.050509,14
1540257763.072362,14
1540257763.095238,15
1540257763.115277,14
1540257763.137245,13
1540257763.160539,15
1540257763.184754,15
1540257763.209515,15
1540257763.240259,16
1540257763.262701,15
1540257763.282751,14
1540257763.311124,15
1540257763.338153,16
1540257763.374832,15
1540257763.403568,15
1540257763.426975,15
1540257763.451463,15
1540257763.474462,16
1540257763.497096,17
1540257763.526477,15
1540257763.550335,16
1540257763.573841,15
1540257763.596473,17
1540257763.620445,16
1540257763.642764,17
1540257763.665385,16
1540257763.688716,17
1540257763.710403,17
1540257763.732416,16
1540257763.754368,17
1540257763.778343,17
1540257763.800845,16
1540257763.822203,18
1540257763.843240,17
1540257763.866674,16
1540257763.887282,18
1540257763.910353,17
1540257763.934396,16
1540257763.959538,17
1540257763.984348,17
1540257764.005127,17
1540257764.026346,16
1540257764.048907,18
1540257764.071191,17
1540257764.092244,18
1540257764.116052,18
1540257764.139374,17
1540257764.161666,19
1540257764.183590,18
1540257764.256162,17
1540257764.306987,17
1540257764.347629,18
1540257764.430431,18
1540257764.471979,19
1540257764.519599,20
1540257764.555303,19
1540257764.597855,20
1540257764.636665,19
1540257764.658409,18
1540257764.680275,19
1540257764.703163,18
1540257764.727421,20
1540257764.750889,19
1540257764.774437,20
1540257764.815811,19
1540257764.849737,19
1540257764.871156,20
1540257764.892553,19
1540257764.915002,19
1540257764.938524,20
1540257764.959119,19
1540257764.981060,20
1540257765.003259,17
1540257765.026305,16
1540257765.051936,14
1540257765.074496,13
1540257765.094342,12
1540257765.117198,10
1540257765.140026,8
1540257765.163602,11
1540257765.188221,10
1540257765.211808,10
1540257765.237051,10
1540257765.259472,11
1540257765.281018,12
1540257765.301325,11
1540257765.322508,11
1540257765.344508,12
1540257765.426394,13
1540257765.453439,13
1540257765.488374,11
1540257765.529449,14
1540257765.551488,12
1540257765.573466,13
1540257765.594418,12
1540257765.615286,12
1540257765.636242,11
1540257765.658100,12
1540257765.680236,12
1540257765.700625,12
1540257765.723879,12
1540257765.745724,13
1540257765.766331,12
1540257765.789474,13
1540257765.811809,12
1540257765.837598,13
1540257765.861802,12
1540257765.888400,13
1540257765.912935,14
1540257765.938676,13
1540257765.961688,14
1540257765.987608,13
1540257766.031338,15
1540257766.055563,13
1540257766.077898,16
1540257766.102159,15
1540257766.127125,15
1540257766.159211,16
1540257766.182815,15
1540257766.207129,15
1540257766.229342,14
1540257766.259885,15
1540257766.288288,17
1540257766.310070,16
1540257766.334307,17
1540257766.356243,16
1540257766.385714,16
1540257766.412849,14
1540257766.463334,16
1540257766.489663,15
1540257766.512476,16
1540257766.534461,15
1540257766.558413,14
1540257766.586489,16
1540257766.623872,16
1540257766.658310,17
1540257766.679069,16
1540257766.702861,16
1540257766.723507,17
1540257766.748242,16
1540257766.770381,17
1540257766.790960,16
1540257766.819565,17
1540257766.842389,16
1540257766.869339,15
1540257766.894454,17
1540257766.921532,17
1540257766.944664,17
1540257766.968132,17
1540257766.991524,16
1540257767.014339,18
1540257767.034421,17
1540257767.058423,16
1540257767.080069,18
1540257767.103230,17
1540257767.126485,18
1540257767.147714,17
1540257767.170048,16
1540257767.191241,19
1540257767.236974,17
1540257767.262128,19
1540257767.284388,18
1540257767.310524,19
1540257767.333895,20
1540257767.359506,19
1540257767.390370,19
1540257767.418015,16
1540257767.467658,15
1540257767.492517,13
1540257767.520658,13
1540257767.549808,10
1540257767.572970,10
1540257767.594937,10
1540257767.616484,10
1540257767.638501,11
1540257767.661580,10
1540257767.689173,10
1540257767.712066,10
1540257767.734482,11
1540257767.758604,11
1540257767.780058,10
1540257767.814477,10
1540257767.858976,11
1540257767.880688,10
1540257767.905213,11
1540257767.927132,10
1540257767.951684,12
1540257767.975454,11
1540257767.998303,12
1540257768.022312,12
1540257768.048006,11
1540257768.070446,12
1540257768.091200,11
1540257768.114495,12
1540257768.139435,11
1540257768.164351,12
1540257768.185473,12
1540257768.209616,14
1540257768.230456,14
1540257768.287406,13
1540257768.310524,14
1540257768.339153,13
1540257768.360026,14
1540257768.386627,12
1540257768.419801,14
1540257768.454901,14
1540257768.481738,13
1540257768.529426,14
1540257768.552931,14
1540257768.576150,13
1540257768.601114,14
1540257768.626328,13
1540257768.652553,14
1540257768.675051,14
1540257768.697936,15
1540257768.717667,14
1540257768.750494,14
1540257768.778615,16
1540257768.799698,15
1540257768.821216,15
1540257768.845711,16
1540257768.866440,15
1540257768.887461,13
1540257768.912404,14
1540257768.934558,14
1540257768.956912,16
1540257768.978793,15
1540257769.001398,14
1540257769.039432,16
1540257769.065112,15
1540257769.087437,16
1540257769.113554,15
1540257769.134460,16
1540257769.155111,15
1540257769.175547,15
1540257769.195150,14
1540257769.218566,16
1540257769.243328,16
1540257769.265196,17
1540257769.290466,16
1540257769.315240,17
1540257769.336324,16
1540257769.362520,17
1540257769.386370,16
1540257769.410144,17
1540257769.431134,17
1540257769.452983,16
1540257769.482389,17
1540257769.509041,18
1540257769.545930,18
1540257769.568208,16
1540257769.591381,18
1540257769.626295,18
1540257769.658877,17
1540257769.681063,17
1540257769.702471,18
1540257769.722820,17
1540257769.743978,17
1540257769.766911,18
1540257769.791011,17
1540257769.814397,16
1540257769.838525,17
1540257769.876819,17
1540257769.899393,18
1540257769.921008,18
1540257769.943663,19
1540257769.965714,18
1540257769.987289,18
1540257770.009126,19
1540257770.030485,18
1540257770.053830,17
1540257770.075369,19
1540257770.098298,18
1540257770.119478,17
1540257770.140881,19
1540257770.164185,18
1540257770.185401,19
1540257770.215449,19
1540257770.255438,19
1540257770.277290,19
1540257770.299892,20
1540257770.323373,19
1540257770.346370,19
1540257770.368521,19
1540257770.390369,19
1540257770.411553,20
1540257770.442388,18
1540257770.471897,19
1540257770.521513,19
1540257770.542555,18
1540257770.566472,16
1540257770.587980,15
1540257770.611331,13
1540257770.634525,11
1540257770.656268,11
1540257770.679456,9
1540257770.701369,8
1540257770.722620,10
1540257770.742495,10
1540257770.771196,9
1540257770.794165,10
1540257770.833776,11
1540257770.864647,10
1540257770.887386,11
1540257770.906874,11
1540257770.931215,10
1540257770.955283,11
1540257770.978768,11
1540257770.999026,10
1540257771.021153,13
1540257771.043582,12
1540257771.070101,12
1540257771.095262,11
1540257771.119385,12
1540257771.141191,11
1540257771.163388,10
1540257771.187438,11
1540257771.210573,11
1540257771.232882,12
1540257771.255856,13
1540257771.285251,13
1540257771.308335,14
1540257771.329761,14
1540257771.352299,12
1540257771.374340,11
1540257771.396552,13
1540257771.440105,13
1540257771.466365,12
1540257771.498385,13
1540257771.534630,12
1540257771.569418,14
1540257771.596847,12
1540257771.620408,14
1540257771.644806,14
1540257771.667866,15
1540257771.690562,14
1540257771.710544,13
1540257771.736102,14
1540257771.773517,15
1540257771.797014,16
1540257771.819285,15
1540257771.841727,15
1540257771.863414,16
1540257771.884235,15
1540257771.906403,14
1540257771.930096,15
1540257771.955329,14
1540257771.978502,15
1540257771.999343,14
1540257772.051198,15
1540257772.094448,15
1540257772.150864,14
1540257772.192929,15
1540257772.217003,16
1540257772.239378,15
1540257772.262664,14
1540257772.290667,13
1540257772.314154,17
1540257772.338827,16
1540257772.359915,15
1540257772.386582,16
1540257772.410074,15
1540257772.434724,16
1540257772.457156,15
1540257772.478682,17
1540257772.509374,17
1540257772.537662,16
1540257772.573685,17
1540257772.595913,16
1540257772.632840,18
1540257772.658948,18
1540257772.681237,17
1540257772.706664,18
1540257772.727339,17
1540257772.751093,18
1540257772.774799,17
1540257772.799845,18
1540257772.819577,18
1540257772.843271,17
1540257772.866349,18
1540257772.887061,17
1540257772.910978,18
1540257772.931982,19
1540257772.954216,18
1540257772.975141,17
1540257772.996901,19
1540257773.018104,18
1540257773.039539,17
1540257773.063947,18
1540257773.084502,18
1540257773.111549,19
1540257773.132170,18
1540257773.153049,17
1540257773.175329,18
1540257773.197002,18
1540257773.229802,18
1540257773.255936,19
1540257773.279845,19
1540257773.302658,20
1540257773.324205,19
1540257773.345579,18
1540257773.371923,19
1540257773.395452,19
1540257773.418359,19
1540257773.440574,19
1540257773.462267,20
1540257773.485948,19
1540257773.512169,20
1540257773.540548,19
1540257773.586325,19
1540257773.610425,20
1540257773.632033,19
1540257773.652782,19
1540257773.676034,19
1540257773.698320,19
1540257773.720198,20
1540257773.742366,19
1540257773.764361,19
1540257773.787063,20
1540257773.812890,19
1540257773.856736,17
1540257773.880258,15
1540257773.901490,14
1540257773.927173,13
1540257773.948749,11
1540257773.970334,9
1540257773.993528,10
1540257774.017801,11
1540257774.040485,10
1540257774.063508,10
1540257774.086536,11
1540257774.107871,11
1540257774.129804,10
1540257774.151307,12
1540257774.175159,11
1540257774.195314,12
1540257774.217072,12
1540257774.239445,11
1540257774.260603,10
1540257774.282116,11
1540257774.302155,11
1540257774.324452,13
1540257774.346323,14
1540257774.368078,13
1540257774.389290,12
1540257774.424416,14
1540257774.457108,13
1540257774.479464,12
1540257774.501892,11
1540257774.532014,12
1540257774.564069,12
1540257774.607671,13
1540257774.628130,13
1540257774.651282,14
1540257774.674671,13
1540257774.695461,12
1540257774.718050,13
1540257774.739172,13
1540257774.760775,12
1540257774.786988,13
1540257774.807752,12
1540257774.830551,15
1540257774.852691,14
1540257774.874022,15
1540257774.898401,15
1540257774.919460,14
1540257774.943538,15
1540257774.965104,14
1540257774.986483,13
1540257775.007210,15
1540257775.043808,15
1540257775.068967,13
1540257775.090192,14
1540257775.113949,14
1540257775.137597,16
1540257775.158323,15
1540257775.181852,16
1540257775.204509,15
1540257775.230346,16
1540257775.252035,16
1540257775.274934,16
1540257775.295365,17
1540257775.319362,16
1540257775.342030,15
1540257775.363523,17
1540257775.386529,15
1540257775.410493,15
1540257775.434466,16
1540257775.456245,15
1540257775.477161,17
1540257775.498341,16
1540257775.518941,15
1540257775.539390,17
1540257775.569060,15
1540257775.609104,16
1540257775.639739,16
1540257775.666421,17
1540257775.690234,16
1540257775.712382,16
1540257775.736634,17
1540257775.758368,17
1540257775.783690,18
1540257775.807471,17
1540257775.830350,18
1540257775.854585,17
1540257775.875440,18
1540257775.898559,17
1540257775.921034,17
1540257775.944242,18
1540257775.966726,17
1540257775.989828,18
1540257776.011734,17
1540257776.034428,18
1540257776.059099,19
1540257776.080967,18
1540257776.104166,19
1540257776.126316,18
1540257776.149689,17
1540257776.171005,19
1540257776.193462,18
1540257776.215161,17
1540257776.235661,19
1540257776.261469,18
1540257776.284711,19
1540257776.320535,18
1540257776.341828,18
1540257776.366237,20
1540257776.387352,19
1540257776.411496,20
1540257776.433328,19
1540257776.456399,18
1540257776.476494,20
1540257776.497296,19
1540257776.517636,19
1540257776.537312,18
1540257776.571325,18
1540257776.599858,19
1540257776.639223,20
1540257776.664039,19
1540257776.684273,18
1540257776.705073,20
1540257776.727971,19
1540257776.754273,19
1540257776.775568,19
1540257776.802623,20
1540257776.826405,18
1540257776.845881,20
1540257776.866657,20
1540257776.890698,19
1540257776.915378,20
1540257776.939165,18
1540257776.964165,16
1540257776.988324,15
1540257777.008074,13
1540257777.030616,11
1540257777.053483,10
1540257777.074329,9
1540257777.096131,11
1540257777.117980,10
1540257777.139751,11
1540257777.163210,11
1540257777.186622,11
1540257777.207089,10
1540257777.229023,12
1540257777.251084,11
1540257777.274188,12
1540257777.303437,10
1540257777.326367,12
1540257777.350625,11
1540257777.371608,12
1540257777.392028,11
1540257777.412678,11
1540257777.433956,11
1540257777.456186,13
1540257777.479467,12
1540257777.502947,13
1540257777.525269,12
1540257777.555998,12
1540257777.580870,11
1540257777.615555,13
1540257777.638553,12
1540257777.663657,14
1540257777.687718,13
1540257777.710518,14
1540257777.731779,13
1540257777.755589,12
1540257777.777864,14
1540257777.799419,13
1540257777.826311,14
1540257777.851234,13
1540257777.874805,14
1540257777.895994,13
1540257777.918629,12
1540257777.940496,15
1540257777.964342,14
1540257777.987463,15
1540257778.009759,14
1540257778.030874,13
1540257778.051379,15
1540257778.076301,14
1540257778.100357,15
1540257778.121742,14
1540257778.143883,14
1540257778.164553,15
1540257778.187642,14
1540257778.207924,14
1540257778.231891,16
1540257778.255412,15
1540257778.278422,16
1540257778.299990,15
1540257778.321557,15
1540257778.345044,16
1540257778.366477,15
1540257778.390335,16
1540257778.413406,15
1540257778.435731,14
1540257778.456225,16
1540257778.480198,15
1540257778.505546,17
1540257778.527562,16
1540257778.555244,16
1540257778.578145,16
1540257778.605572,16
1540257778.639457,17
1540257778.683502,15
1540257778.710203,15
1540257778.735215,16
1540257778.756978,15
1540257778.782452,16
1540257778.804370,17
1540257778.826795,18
1540257778.852564,17
1540257778.875604,18
1540257778.896239,17
1540257778.917465,17
1540257778.939841,18
1540257778.961536,17
1540257778.981795,17
1540257779.003430,18
1540257779.026343,17
1540257779.048838,16
1540257779.071038,17
1540257779.095119,17
1540257779.119194,19
1540257779.139428,18
1540257779.163215,17
1540257779.185695,18
1540257779.208848,17
1540257779.230856,19
1540257779.255552,18
1540257779.278103,19
1540257779.302326,18
1540257779.322308,17
1540257779.344472,19
1540257779.367236,18
1540257779.388688,19
1540257779.410486,19
1540257779.431371,18
1540257779.452252,17
1540257779.475325,19
1540257779.500929,18
1540257779.523084,20
1540257779.546583,19
1540257779.571459,20
1540257779.595214,19
1540257779.621927,19
1540257779.647047,18
1540257779.687203,20
1540257779.714979,20
1540257779.738328,19
1540257779.759229,18
1540257779.800784,19
1540257779.825141,20
1540257779.847646,20
1540257779.868173,19
1540257779.889646,20
1540257779.911022,20
1540257779.935779,19
1540257779.956196,20
1540257779.979222,18
1540257780.010569,18
1540257780.045622,15
1540257780.071524,13
1540257780.095102,11
1540257780.116424,10
1540257780.138988,8
1540257780.162755,10
1540257780.188404,10
1540257780.212272,10
1540257780.234285,11
1540257780.257089,11
1540257780.277791,10
1540257780.299319,12
1540257780.319488,11
1540257780.341723,10
1540257780.364701,12
1540257780.386688,11
1540257780.408150,11
1540257780.429239,12
1540257780.450297,11
1540257780.472602,12
1540257780.498377,11
1540257780.523671,13
1540257780.545116,12
1540257780.568197,11
1540257780.592263,12
1540257780.620647,11
1540257780.649924,11
1540257780.692601,12
1540257780.714503,13
1540257780.736169,13
1540257780.758312,13
1540257780.781308,14
1540257780.803411,13
1540257780.825075,13
1540257780.845736,14
1540257780.868807,13
1540257780.891568,13
1540257780.913988,14
1540257780.938378,13
1540257780.962989,13
1540257780.986396,13
1540257781.011702,14
1540257781.033484,14
1540257781.056894,15
1540257781.079426,14
1540257781.101540,13
1540257781.121580,15
1540257781.142308,14
1540257781.166283,13
1540257781.190353,15
1540257781.212660,14
1540257781.234316,15
1540257781.255309,14
1540257781.277167,14
1540257781.299376,14
1540257781.323261,15
1540257781.345164,16
1540257781.370315,15
1540257781.392347,14
1540257781.416562,15
1540257781.437884,15
1540257781.458473,16
1540257781.482259,15
1540257781.505441,16
1540257781.528651,16
1540257781.551286,15
1540257781.574399,17
1540257781.595314,16
1540257781.616279,16
1540257781.645762,16
1540257781.671565,17
1540257781.718860,16
1540257781.739715,16
1540257781.763067,15
1540257781.790835,16
1540257781.813533,17
1540257781.835387,16
1540257781.856378,16
1540257781.876784,15
1540257781.901853,17
1540257781.922287,17
1540257781.945487,18
1540257781.967178,17
1540257781.990399,18
1540257782.011609,18
1540257782.034466,17
1540257782.056039,18
1540257782.077774,17
1540257782.101034,16
1540257782.122385,18
1540257782.145509,17
1540257782.166769,16
1540257782.190313,18
1540257782.211542,18
1540257782.231601,17
1540257782.255246,19
1540257782.277333,18
1540257782.304524,18
1540257782.328125,17
1540257782.350844,20
1540257782.371776,19
1540257782.395486,20
1540257782.417383,19
1540257782.441003,18
1540257782.463370,20
1540257782.486773,19
1540257782.508230,17
1540257782.538143,18
1540257782.563562,19
1540257782.584185,19
1540257782.607836,20
1540257782.630176,19
1540257782.658513,20
1540257782.686123,18
1540257782.723735,20
1540257782.754095,20
1540257782.778465,19
1540257782.799033,20
1540257782.821094,19
1540257782.845258,19
1540257782.868000,20
1540257782.891484,19
1540257782.913897,20
1540257782.935723,19
1540257782.956758,19
1540257782.978804,20
1540257783.001402,19
1540257783.022083,18
1540257783.045474,20
1540257783.069149,19
1540257783.090488,20
1540257783.114370,18
1540257783.135295,16
1540257783.155758,15
1540257783.177952,13
1540257783.200094,13
1540257783.222473,11
1540257783.243956,9
1540257783.265024,9
1540257783.287293,11
1540257783.309860,11
1540257783.341106,10
1540257783.366526,11
1540257783.388935,10
1540257783.410523,11
1540257783.431868,11
1540257783.453775,12
1540257783.475236,11
1540257783.499015,10
1540257783.520510,12
1540257783.543673,11
1540257783.562346,11
1540257783.589444,12
1540257783.612195,11
1540257783.633519,13
1540257783.655760,12
1540257783.680028,11
1540257783.703406,12
1540257783.726074,11
1540257783.770806,12
1540257783.794291,13
1540257783.814795,12
1540257783.835346,12
1540257783.858977,14
1540257783.883833,13
1540257783.910152,13
1540257783.930956,13
1540257783.953983,12
1540257783.980904,13
1540257784.003180,14
1540257784.024064,14
1540257784.046369,13
1540257784.068912,14
1540257784.090544,13
1540257784.113775,13
1540257784.135406,15
1540257784.159618,14
1540257784.180836,15
1540257784.201363,14
1540257784.222085,14
1540257784.242682,13
1540257784.266081,15
1540257784.288559,14
1540257784.311210,15
1540257784.331257,14
1540257784.351799,14
1540257784.373908,13
1540257784.395839,15
1540257784.418430,15
1540257784.442487,16
1540257784.466306,15
1540257784.489579,16
1540257784.512444,15
1540257784.538207,14
1540257784.559493,15
1540257784.584700,16
1540257784.605808,15
1540257784.629859,14
1540257784.651497,16
1540257784.678070,15
1540257784.703397,16
1540257784.743827,15
1540257784.766911,17
1540257784.792657,15
1540257784.814383,17
1540257784.838537,16
1540257784.864579,16
1540257784.887005,16
1540257784.910160,15
1540257784.934502,16
1540257784.964191,16
1540257784.987218,18
1540257785.011439,17
1540257785.035593,16
1540257785.059241,17
1540257785.083134,16
1540257785.105042,18
1540257785.127492,17
1540257785.148682,18
1540257785.169764,18
1540257785.192190,17
1540257785.212685,18
1540257785.234341,18
1540257785.255799,17
1540257785.277506,16
1540257785.298633,19
1540257785.320982,18
1540257785.345532,19
1540257785.367547,18
1540257785.390791,19
1540257785.415622,18
1540257785.436081,18
1540257785.456939,19
1540257785.482031,18
1540257785.502965,17
1540257785.525213,19
1540257785.550006,18
1540257785.573507,19
1540257785.598797,18
1540257785.620181,19
1540257785.642355,19
1540257785.659268,19
1540257785.674955,19
1540257785.689120,19
1540257785.713555,20
1540257785.745973,19
1540257785.767774,19
1540257785.783489,19
1540257785.798294,20
1540257785.816965,18
1540257785.835844,19
1540257785.859519,18
1540257785.881049,20
1540257785.902753,19
1540257785.926253,19
1540257785.948097,20
1540257785.971379,19
1540257785.992554,20
1540257786.013080,20
1540257786.037106,18
1540257786.052104,19
1540257786.066135,19
1540257786.081324,19
1540257786.095446,19
1540257786.110890,19
1540257786.125233,20
1540257786.139060,20
1540257786.153255,20
1540257786.167631,18
1540257786.183374,18
1540257786.199006,18
1540257786.213932,18
1540257786.229860,17
1540257786.244352,16
1540257786.258836,15
1540257786.273245,14
1540257786.287294,12
1540257786.301030,12
1540257786.314727,11
1540257786.345061,8
1540257786.359468,10
1540257786.375307,11
1540257786.389077,11
1540257786.404052,11
1540257786.418161,10
1540257786.432046,11
1540257786.445867,11
1540257786.460355,11
1540257786.475157,11
1540257786.490122,11
1540257786.504308,12
1540257786.519226,12
1540257786.533675,12
1540257786.548415,12
1540257786.563303,10
1540257786.577476,11
1540257786.592481,11
1540257786.606402,11
1540257786.621380,11
1540257786.635249,11
1540257786.649876,12
1540257786.664486,12
1540257786.679187,12
1540257786.693775,13
1540257786.708322,11
1540257786.730343,13
1540257786.761349,13
1540257786.779092,13
1540257786.795284,13
1540257786.819629,12
1540257786.834536,12
1540257786.849732,12
1540257786.864308,12
1540257786.877963,12
1540257786.892091,13
1540257786.905944,13
1540257786.921006,13
1540257786.937835,14
1540257786.952699,14
1540257786.967417,12
1540257786.982596,12
1540257786.996291,13
1540257787.010414,13
1540257787.029820,13
1540257787.071775,14
1540257787.124933,13
1540257787.140395,13
1540257787.155061,13
1540257787.169823,13
1540257787.184442,13
1540257787.198751,15
1540257787.212280,15
1540257787.227119,15
1540257787.243479,15
1540257787.259151,15
1540257787.274859,15
1540257787.289907,13
1540257787.304580,13
1540257787.322757,15
1540257787.337874,13
1540257787.352611,14
1540257787.366294,14
1540257787.381125,14
1540257787.396227,14
1540257787.410359,14
1540257787.424244,15
1540257787.438824,15
1540257787.453555,15
1540257787.467916,13
1540257787.482137,15
1540257787.496878,15
1540257787.516836,14
1540257787.533099,16
1540257787.547683,14
1540257787.562457,15
1540257787.576803,15
1540257787.590897,15
1540257787.605703,15
1540257787.624015,15
1540257787.638023,15
1540257787.652335,15
1540257787.666268,16
1540257787.681129,16
1540257787.695209,16
1540257787.718575,15
1540257787.748778,16
1540257787.771482,16
1540257787.785858,16
1540257787.800287,16
1540257787.816202,16
1540257787.831257,16
1540257787.845572,17
1540257787.860251,17
1540257787.874008,17
1540257787.890365,17
1540257787.904887,17
1540257787.920241,17
1540257787.933809,16
1540257787.947992,16
1540257787.962072,16
1540257787.977671,16
1540257787.993420,16
1540257788.007913,17
1540257788.022376,17
1540257788.036512,17
1540257788.050833,17
1540257788.066256,15
1540257788.080110,16
1540257788.095468,17
1540257788.110286,17
1540257788.124498,17
1540257788.139249,17
1540257788.153230,17
1540257788.168402,18
1540257788.182251,18
1540257788.197900,18
1540257788.211789,16
1540257788.225983,16
1540257788.241919,17
1540257788.256115,17
1540257788.270093,17
1540257788.284412,17
1540257788.298563,18
1540257788.313521,18
1540257788.327647,18
1540257788.361066,16
1540257788.377108,18
1540257788.392787,19
1540257788.407334,17
1540257788.422029,17
1540257788.436476,18
1540257788.450337,18
1540257788.464938,18
1540257788.479829,18
1540257788.495458,18
1540257788.510074,19
1540257788.524269,19
1540257788.538544,19
1540257788.553402,17
1540257788.568794,17
1540257788.583796,17
1540257788.597972,18
1540257788.612345,19
1540257788.627126,19
1540257788.642714,19
1540257788.657701,19
1540257788.671555,20
1540257788.686204,20
1540257788.700097,20
1540257788.714287,20
1540257788.729309,19
1540257788.762284,19
1540257788.795360,18
1540257788.813573,17
1540257788.828017,17
1540257788.842301,18
1540257788.857521,18
1540257788.873095,18
1540257788.888443,18
1540257788.902026,18
1540257788.917030,17
1540257788.932697,17
1540257788.946652,17
1540257788.961079,16
1540257788.976944,15
1540257788.991703,14
1540257789.006684,12
1540257789.021728,11
1540257789.035695,11
1540257789.049990,10
1540257789.065135,9
1540257789.085120,9
1540257789.099506,10
1540257789.113998,10
1540257789.130398,10
1540257789.145011,10
1540257789.159435,9
1540257789.173465,10
1540257789.187985,11
1540257789.202086,10
1540257789.217898,10
1540257789.233676,10
1540257789.249028,10
1540257789.265550,10
1540257789.279827,10
1540257789.297994,10
1540257789.320511,10
1540257789.344297,10
1540257789.364403,10
1540257789.384293,10
1540257789.407846,12
1540257789.429531,11
1540257789.451670,12
1540257789.473971,11
1540257789.498062,10
1540257789.520607,12
1540257789.543125,12
1540257789.565052,11
1540257789.585978,13
1540257789.606123,12
1540257789.627899,11
1540257789.652696,12
1540257789.675098,12
1540257789.697192,13
1540257789.718125,12
1540257789.733469,12
1540257789.758591,11
1540257789.780460,13
1540257789.814315,12
1540257789.839176,11
1540257789.854838,13
1540257789.870492,12
1540257789.885306,12
1540257789.899782,13
1540257789.914448,13
1540257789.929044,13
1540257789.943373,13
1540257789.959772,13
1540257789.973845,14
1540257789.988659,14
1540257790.004162,14
1540257790.018032,14
1540257790.033060,12
1540257790.047699,12
1540257790.062555,13
1540257790.077206,13
1540257790.091207,13
1540257790.106698,13
1540257790.121209,14
1540257790.134810,15
1540257790.150212,15
1540257790.165719,15
1540257790.179654,15
1540257790.194214,13
1540257790.209122,13
1540257790.224117,14
1540257790.238247,14
1540257790.253892,14
1540257790.269507,14
1540257790.285073,14
1540257790.299285,14
1540257790.314174,14
1540257790.328165,15
1540257790.342804,15
1540257790.357310,15
1540257790.372788,15
1540257790.387604,13
1540257790.401344,15
1540257790.416228,15
1540257790.430176,15
1540257790.445258,15
1540257790.459795,15
1540257790.475824,15
1540257790.489568,16
1540257790.503793,16
1540257790.518924,16
1540257790.533914,16
1540257790.549242,14
1540257790.564792,14
1540257790.579831,14
1540257790.594421,15
1540257790.609275,15
1540257790.624330,15
1540257790.640143,15
1540257790.670131,15
1540257790.689612,16
1540257790.704188,16
1540257790.719115,16
1540257790.734001,16
1540257790.755564,16
1540257790.777454,17
1540257790.801656,16
1540257790.818909,16
1540257790.834640,16
1540257790.850194,16
1540257790.864849,16
1540257790.879229,16
1540257790.893764,17
1540257790.907656,17
1540257790.922232,17
1540257790.936963,15
1540257790.952190,15
1540257790.967761,16
1540257790.983324,15
1540257790.997848,17
1540257791.011778,17
1540257791.026843,17
1540257791.042814,17
1540257791.057800,17
1540257791.072797,18
1540257791.087466,18
1540257791.102127,18
1540257791.116635,18
1540257791.131543,16
1540257791.148029,16
1540257791.162745,16
1540257791.177596,16
1540257791.192113,17
1540257791.206672,17
1540257791.222006,17
1540257791.236195,17
1540257791.266432,18
1540257791.280230,18
1540257791.294205,18
1540257791.311781,19
1540257791.326396,19
1540257791.341677,19
1540257791.357342,19
1540257791.371369,17
1540257791.385792,18
1540257791.399700,18
1540257791.416639,18
1540257791.431048,18
1540257791.445663,18
1540257791.460003,18
1540257791.473991,19
1540257791.489280,19
1540257791.503731,19
1540257791.517809,17
1540257791.532300,18
1540257791.546101,18
1540257791.561947,18
1540257791.576242,18
1540257791.591914,18
1540257791.606079,18
1540257791.620025,19
1540257791.635000,19
1540257791.649774,20
1540257791.666491,20
1540257791.680572,20
1540257791.695324,18
1540257791.709843,19
1540257791.725031,19
1540257791.738727,19
1540257791.759381,19
1540257791.792978,19
1540257791.821584,19
1540257791.836868,19
1540257791.864907,20
1540257791.883301,19
1540257791.899820,19
1540257791.914483,19
1540257791.929084,19
1540257791.943134,20
1540257791.960073,20
1540257791.974326,20
1540257791.988802,18
1540257792.004007,20
1540257792.018049,18
1540257792.034022,18
1540257792.048068,19
1540257792.064463,19
1540257792.079167,19
1540257792.092925,19
1540257792.108403,19
1540257792.122819,19
1540257792.137123,20
1540257792.151964,20
1540257792.165995,20
1540257792.181788,20
1540257792.197422,18
1540257792.211568,18
1540257792.226261,18
1540257792.241008,17
1540257792.256195,16
1540257792.272297,15
1540257792.288331,14
1540257792.305584,13
1540257792.322753,12
1540257792.372398,10
1540257792.396075,11
1540257792.419297,11
1540257792.450383,10
1540257792.484161,12
1540257792.510466,10
1540257792.533377,12
1540257792.557240,11
1540257792.581090,12
1540257792.641825,11
1540257792.697882,11
1540257792.726899,13
1540257792.754370,11
1540257792.781878,12
1540257792.819362,12
1540257792.870939,13
1540257792.916702,11
1540257792.961923,12
1540257792.985793,14
1540257793.007076,13
1540257793.028904,14
1540257793.053290,13
1540257793.074090,13
1540257793.098337,14
1540257793.113045,14
1540257793.127561,14
1540257793.142182,14
1540257793.158158,14
1540257793.172289,12
1540257793.187001,13
1540257793.216600,14
1540257793.232616,14
1540257793.250212,14
1540257793.274412,13
1540257793.288505,15
1540257793.303468,13
1540257793.318202,13
1540257793.333553,13
1540257793.347342,14
1540257793.361261,14
1540257793.378191,14
1540257793.392857,14
1540257793.408390,14
1540257793.422733,14
1540257793.437615,15
1540257793.451654,15
1540257793.466357,15
1540257793.481067,13
1540257793.495920,14
1540257793.511945,14
1540257793.526762,15
1540257793.541737,15
1540257793.556354,15
1540257793.570257,15
1540257793.584561,15
1540257793.598437,16
1540257793.613480,16
1540257793.628239,16
1540257793.642249,16
1540257793.656869,14
1540257793.671530,15
1540257793.686063,15
1540257793.700298,15
1540257793.718305,15
1540257793.733208,15
1540257793.748688,15
1540257793.763303,15
1540257793.788621,15
1540257793.804156,15
1540257793.829446,16
1540257793.864545,16
1540257793.887178,17
1540257793.901450,17
1540257793.916348,15
1540257793.930105,16
1540257793.944195,16
1540257793.958309,16
1540257793.974122,16
1540257793.989129,16
1540257794.002747,17
1540257794.017345,17
1540257794.031938,17
1540257794.047004,17
1540257794.062103,17
1540257794.078955,17
1540257794.093888,16
1540257794.109357,16
1540257794.123752,17
1540257794.137742,17
1540257794.152547,17
1540257794.168017,17
1540257794.181752,17
1540257794.196374,18
1540257794.210704,18
1540257794.225145,18
1540257794.240964,18
1540257794.255196,16
1540257794.271374,16
1540257794.285918,17
1540257794.300590,17
1540257794.315099,17
1540257794.330419,17
1540257794.348558,17
1540257794.378127,17
1540257794.392008,17
1540257794.405639,19
1540257794.419631,19
1540257794.435401,19
1540257794.450006,17
1540257794.465865,19
1540257794.482388,19
1540257794.496973,17
1540257794.511254,18
1540257794.525020,18
1540257794.541244,18
1540257794.555171,18
1540257794.571130,18
1540257794.587248,18
1540257794.601548,18
1540257794.615767,19
1540257794.631484,19
1540257794.646108,19
1540257794.661658,19
1540257794.675538,19
1540257794.690031,18
1540257794.704675,18
1540257794.720492,18
1540257794.735176,18
1540257794.750615,19
1540257794.764844,19
1540257794.779507,19
1540257794.794924,20
1540257794.815194,19
1540257794.847859,20
1540257794.865490,19
1540257794.880142,19
1540257794.894162,19
1540257794.908957,19
1540257794.923643,20
1540257794.937334,20
1540257794.964793,18
1540257794.984441,20
1540257794.999462,20
1540257795.014275,18
1540257795.028187,19
1540257795.043544,19
1540257795.059138,19
1540257795.072736,19
1540257795.086697,19
1540257795.101239,19
1540257795.115092,20
1540257795.129827,20
1540257795.148177,20
1540257795.162970,20
1540257795.177841,20
1540257795.192955,20
1540257795.206742,18
1540257795.222179,19
1540257795.236510,19
1540257795.253192,19
1540257795.269730,19
1540257795.299292,19
1540257795.316900,18
1540257795.335475,17
1540257795.360736,14
1540257795.382641,14
1540257795.404043,12
1540257795.426547,10
1540257795.448612,8
1540257795.471380,11
1540257795.491716,10
1540257795.512337,11
1540257795.533185,11
1540257795.561168,11
1540257795.582935,11
1540257795.606043,12
1540257795.627383,11
1540257795.650408,11
1540257795.671241,12
1540257795.694378,11
1540257795.721651,11
1540257795.743381,11
1540257795.765724,10
1540257795.787563,12
1540257795.811244,12
1540257795.844553,12
1540257795.885364,12
1540257795.911431,13
1540257795.942342,11
1540257795.960501,13
1540257795.975677,13
1540257795.992354,13
1540257796.005811,11
1540257796.021503,12
1540257796.035630,12
1540257796.049702,13
1540257796.064377,13
1540257796.078556,13
1540257796.092701,14
1540257796.107669,14
1540257796.126412,14
1540257796.141295,14
1540257796.155220,14
1540257796.171442,14
1540257796.185251,12
1540257796.200915,12
1540257796.215269,13
1540257796.230002,13
1540257796.245234,13
1540257796.259517,13
1540257796.274691,13
1540257796.289334,13
1540257796.303888,15
1540257796.318001,15
1540257796.333323,15
1540257796.350249,15
1540257796.364535,13
1540257796.392465,14
1540257796.409529,14
1540257796.424134,14
1540257796.439767,14
1540257796.455338,14
1540257796.469983,14
1540257796.485005,14
1540257796.498575,14
1540257796.512820,15
1540257796.527370,15
1540257796.542084,15
1540257796.563537,15
1540257796.578549,16
1540257796.593079,16
1540257796.607074,16
1540257796.622182,16
1540257796.636425,15
1540257796.650675,15
1540257796.665131,15
1540257796.680068,15
1540257796.694758,15
1540257796.709173,15
1540257796.723452,16
1540257796.741250,15
1540257796.755301,16
1540257796.769203,16
1540257796.783312,16
1540257796.798293,14
1540257796.812588,15
1540257796.827542,15
1540257796.854957,15
1540257796.888010,16
1540257796.907184,16
1540257796.922920,16
1540257796.937079,16
1540257796.964916,17
1540257796.984751,16
1540257797.002028,16
1540257797.017756,16
1540257797.032585,16
1540257797.047079,17
1540257797.061575,17
1540257797.077170,17
1540257797.092515,17
1540257797.106706,15
1540257797.122221,15
1540257797.136669,15
1540257797.150800,16
1540257797.165692,16
1540257797.180574,17
1540257797.195213,17
1540257797.212026,17
1540257797.226419,17
1540257797.240487,18
1540257797.254301,18
1540257797.268544,18
1540257797.284711,18
1540257797.299734,16
1540257797.314061,16
1540257797.328430,17
1540257797.342465,17
1540257797.357274,17
1540257797.372443,17
1540257797.386329,18
1540257797.401198,18
1540257797.415200,18
1540257797.430549,18
1540257797.445733,18
1540257797.460051,16
1540257797.473985,17
1540257797.489691,17
1540257797.504095,18
1540257797.518367,18
1540257797.533004,18
1540257797.548368,18
1540257797.571818,18
1540257797.599905,18
1540257797.613798,18
1540257797.628495,19
1540257797.647264,18
1540257797.661515,18
1540257797.675181,19
1540257797.689699,19
1540257797.704545,19
1540257797.719312,17
1540257797.734939,17
1540257797.752328,19
1540257797.766325,18
1540257797.782302,18
1540257797.798910,17
1540257797.813082,18
1540257797.837088,20
1540257797.859179,19
1540257797.883071,18
1540257797.899803,18
1540257797.914574,20
1540257797.929002,18
1540257797.945718,18
1540257797.960179,18
1540257797.977004,18
1540257797.992237,18
1540257798.007855,19
1540257798.021877,19
1540257798.036202,19
1540257798.050004,19
1540257798.064055,20
1540257798.079750,20
1540257798.095291,20
1540257798.111504,20
1540257798.126123,20
1540257798.141789,20
1540257798.171761,19
1540257798.190545,20
1540257798.205177,20
1540257798.220146,18
1540257798.234589,18
1540257798.249317,19
1540257798.263880,19
1540257798.278798,19
1540257798.294053,19
1540257798.311370,19
1540257798.326463,19
1540257798.341473,19
1540257798.355528,19
1540257798.369171,20
1540257798.383787,20
1540257798.397661,18
1540257798.412875,17
1540257798.427865,17
1540257798.442733,16
1540257798.458231,15
1540257798.473200,14
1540257798.489259,13
1540257798.504233,11
1540257798.519032,9
1540257798.533619,9
1540257798.548328,10
1540257798.562669,9
1540257798.578192,9
1540257798.592893,9
1540257798.608050,8
1540257798.622610,10
1540257798.637267,11
1540257798.651362,11
1540257798.666166,11
1540257798.681087,11
1540257798.695295,10
1540257798.709977,11
1540257798.724083,11
1540257798.738020,11
1540257798.770345,11
1540257798.787129,11
1540257798.802003,11
1540257798.816277,12
1540257798.831566,12
1540257798.846134,12
1540257798.870536,11
1540257798.899810,10
1540257798.920093,11
1540257798.939329,10
1540257798.954495,10
1540257798.968439,12
1540257798.982268,12
1540257798.997608,12
1540257799.011520,12
1540257799.025351,13
1540257799.040812,13
1540257799.055574,13
1540257799.070070,13
1540257799.085560,11
1540257799.100334,11
1540257799.114352,12
1540257799.128280,12
1540257799.143912,12
1540257799.158765,12
1540257799.172820,12
1540257799.186607,13
1540257799.201221,14
1540257799.215994,14
1540257799.230229,14
1540257799.246807,14
1540257799.261616,12
1540257799.276594,12
1540257799.295463,12
1540257799.310985,12
1540257799.338015,13
1540257799.375696,13
1540257799.402253,13
1540257799.425071,13
1540257799.447295,13
1540257799.470186,14
1540257799.493839,15
1540257799.515572,14
1540257799.537755,13
1540257799.562291,14
1540257799.584470,13
1540257799.608611,15
1540257799.633097,13
1540257799.654583,15
1540257799.675508,14
1540257799.696268,14
1540257799.719372,15
1540257799.742846,15
1540257799.764194,14
1540257799.790325,16
1540257799.812169,14
1540257799.833788,15
1540257799.862477,14
1540257799.888368,15
1540257799.929278,15
1540257799.944099,16
1540257799.973466,15
1540257799.989741,16
1540257800.005322,14
1540257800.020672,14
1540257800.034609,16
1540257800.049579,16
1540257800.065504,16
1540257800.079497,16
1540257800.093646,16
1540257800.108351,17
1540257800.122141,17
1540257800.136747,17
1540257800.151181,17
1540257800.169381,17
1540257800.184333,17
1540257800.198473,15
1540257800.212595,16
1540257800.227416,16
1540257800.241410,16
1540257800.257465,16
1540257800.272065,16
1540257800.287033,16
1540257800.301574,17
1540257800.315555,17
1540257800.332343,18
1540257800.347698,18
1540257800.361948,18
1540257800.377352,18
1540257800.391582,16
1540257800.406000,17
1540257800.420132,17
1540257800.435800,17
1540257800.450560,17
1540257800.465010,17
1540257800.478701,18
1540257800.495361,18
1540257800.510076,18
1540257800.524429,18
1540257800.540443,18
1540257800.555741,18
1540257800.584351,17
1540257800.599614,17
1540257800.614706,17
1540257800.629341,17
1540257800.644396,17
1540257800.658868,18
1540257800.673440,19
1540257800.687556,19
1540257800.702561,19
1540257800.717348,19
1540257800.732295,19
1540257800.747780,17
1540257800.762278,17
1540257800.776523,18
1540257800.791306,18
1540257800.808059,18
1540257800.823040,18
1540257800.837843,18
1540257800.861405,17
1540257800.881913,19
1540257800.908612,17
1540257800.924152,17
1540257800.939550,18
1540257800.953309,18
1540257800.967642,18
1540257800.982339,18
1540257800.996754,19
1540257801.011182,20
1540257801.026156,20
1540257801.044704,20
1540257801.059181,20
1540257801.073496,20
1540257801.088030,20
1540257801.102603,18
1540257801.116771,19
1540257801.130930,19
1540257801.147974,19
1540257801.176269,19
1540257801.190667,19
1540257801.208883,19
1540257801.225078,19
1540257801.238489,20
1540257801.253457,20
1540257801.267948,20
1540257801.283911,20
1540257801.299076,20
1540257801.314303,20
1540257801.330568,20
1540257801.344999,18
1540257801.359317,19
1540257801.377257,18
1540257801.391420,19
1540257801.405538,19
1540257801.419910,19
1540257801.434287,19
1540257801.449046,19
1540257801.463791,20
1540257801.478859,20
1540257801.493606,20
1540257801.508713,20
1540257801.523186,18
1540257801.538205,19
1540257801.553107,19
1540257801.568805,18
1540257801.583043,17
1540257801.598170,16
1540257801.612582,15
1540257801.627271,13
1540257801.642565,13
1540257801.657293,12
1540257801.673803,11
1540257801.688056,10
1540257801.702581,9
1540257801.717589,11
1540257801.731429,10
1540257801.745355,11
1540257801.771210,11
1540257801.794557,11
1540257801.811398,11
1540257801.826921,12
1540257801.841720,12
1540257801.856323,12
1540257801.881170,11
1540257801.907945,10
1540257801.937995,12
1540257801.953165,12
1540257801.970397,12
1540257801.986714,12
1540257802.001009,12
1540257802.016916,12
1540257802.032145,10
1540257802.046710,11
1540257802.061433,12
1540257802.076665,12
1540257802.090871,12
1540257802.104841,12
1540257802.119400,13
1540257802.133849,13
1540257802.148368,13
1540257802.163085,13
1540257802.177618,13
1540257802.191427,12
1540257802.206578,12
1540257802.221859,12
1540257802.235729,12
1540257802.250497,12
1540257802.266209,12
1540257802.281580,12
1540257802.298349,13
1540257802.312839,13
1540257802.336784,13
1540257802.365726,13
1540257802.401296,13
1540257802.422701,14
1540257802.443412,13
1540257802.467972,12
1540257802.490064,14
1540257802.514865,13
1540257802.538164,14
1540257802.563986,13
1540257802.590344,14
1540257802.613339,13
1540257802.642778,14
1540257802.667359,15
1540257802.688722,14
1540257802.712512,15
1540257802.732529,15
1540257802.753325,14
1540257802.775324,13
1540257802.798588,15
1540257802.819408,14
1540257802.840900,16
1540257802.862537,15
1540257802.885133,15
1540257802.912867,15
1540257802.943936,15
1540257802.984180,16
1540257803.011118,15
1540257803.027735,15
1540257803.043158,15
1540257803.060554,15
1540257803.075246,15
1540257803.089928,15
1540257803.103572,16
1540257803.120416,17
1540257803.135833,17
1540257803.149548,17
1540257803.164195,17
1540257803.179030,17
1540257803.193170,15
1540257803.208446,16
1540257803.225625,15
1540257803.239956,16
1540257803.255029,16
1540257803.278094,17
1540257803.313092,18
1540257803.354853,17
1540257803.382705,17
1540257803.403237,16
1540257803.417959,17
1540257803.459605,20
1540257803.492844,20
1540257803.515828,19
1540257803.530540,19
1540257803.544726,19
1540257803.559490,19
1540257803.575655,17
1540257803.618774,19
1540257803.649804,17
1540257803.667826,16
1540257803.682806,15
1540257803.697761,14
1540257803.712057,13
1540257803.726075,13
1540257803.741201,14
1540257803.755181,15
1540257803.771228,14
1540257803.785843,13
1540257803.801443,11
1540257803.815638,13
1540257803.830155,13
1540257803.845303,13
1540257803.883411,11
1540257803.922923,14
1540257803.961081,15
1540257804.001858,16
1540257804.031500,16
1540257804.058697,17
1540257804.073226,16
1540257804.088200,17
1540257804.125908,18
1540257804.142216,17
1540257804.157318,17
1540257804.171075,18
1540257804.184906,18
1540257804.198813,18
1540257804.213453,16
1540257804.227388,17
1540257804.242662,17
1540257804.257535,17
1540257804.273647,18
1540257804.288924,19
1540257804.323513,17
1540257804.340658,20
1540257804.356407,20
1540257804.370120,20
1540257804.385248,20
1540257804.408604,19
1540257804.423307,18
1540257804.440472,19
1540257804.454865,19
1540257804.469666,20
1540257804.499735,18
1540257804.516827,20
1540257804.533185,20
1540257804.547724,19
1540257804.576371,18
1540257804.595232,20
1540257804.609818,20
1540257804.624866,19
1540257804.640079,18
1540257804.653969,19
1540257804.668114,18
1540257804.682793,16
1540257804.697236,15
1540257804.710974,17
1540257804.724913,17
1540257804.739833,16
1540257804.754003,15
1540257804.782598,16
1540257804.796807,15
1540257804.814154,16
1540257804.830252,17
1540257804.847609,17
1540257804.861289,18
1540257804.891652,17
1540257804.914470,18
1540257804.943399,18
1540257804.961269,18
1540257804.979863,19
1540257804.994476,18
1540257805.023398,18
1540257805.043711,18
1540257805.059470,18
1540257805.073605,18
1540257805.112623,19
1540257805.128724,18
1540257805.143147,18
1540257805.157321,16
1540257805.172397,18
1540257805.189226,19
1540257805.203142,19
1540257805.252297,19
1540257805.269891,18
1540257805.286643,19
1540257805.333358,19
1540257805.358439,19
1540257805.407437,18
1540257805.463743,19
1540257805.486008,19
1540257805.515951,17
1540257805.539566,14
1540257805.561690,12
1540257805.587356,9
1540257805.609500,7
1540257805.688121,4
1540257805.730031,5
1540257805.808366,5
1540257805.866114,5
1540257805.910320,7
1540257805.964989,6
1540257806.015432,6
1540257806.061172,8
1540257806.095717,7
1540257806.129555,6
1540257806.152472,8
1540257806.175714,7
1540257806.198243,8
1540257806.220113,8
1540257806.243364,7
1540257806.269999,8
1540257806.328717,9
1540257806.358473,7
1540257806.381929,9
1540257806.412897,8
1540257806.435549,9
1540257806.456515,10
1540257806.476473,10
1540257806.497496,9
1540257806.528394,9
1540257806.543830,9
1540257806.558674,9
1540257806.573473,10
1540257806.587374,11
1540257806.600741,11
1540257806.615253,9
1540257806.629588,10
1540257806.643467,10
1540257806.657836,10
1540257806.672555,10
1540257806.687555,10
1540257806.702121,11
1540257806.716845,11
1540257806.731256,11
1540257806.745974,11
1540257806.761016,9
1540257806.776358,9
1540257806.790819,11
1540257806.804233,11
1540257806.817915,11
1540257806.833375,11
1540257806.849148,11
1540257806.864512,11
1540257806.879105,12
1540257806.905828,10
1540257806.922860,10
1540257806.970326,11
1540257807.005978,11
1540257807.054574,11
1540257807.083928,12
1540257807.123298,12
1540257807.151512,11
1540257807.184585,11
1540257807.219946,13
1540257807.242792,12
1540257807.257614,13
1540257807.273556,13
1540257807.287727,13
1540257807.302314,13
1540257807.316579,13
1540257807.330458,14
1540257807.344366,14
1540257807.359037,14
1540257807.378112,14
1540257807.394730,14
1540257807.409082,14
1540257807.424405,14
1540257807.438994,12
1540257807.454837,12
1540257807.470204,13
1540257807.488101,12
1540257807.505741,15
1540257807.521915,15
1540257807.537607,15
1540257807.553744,15
1540257807.567869,13
1540257807.582950,13
1540257807.597233,14
1540257807.611594,14
1540257807.626092,14
1540257807.640304,14
1540257807.654277,15
1540257807.676575,14
1540257807.691687,14
1540257807.707636,14
1540257807.722665,14
1540257807.738355,14
1540257807.783553,16
1540257807.798475,16
1540257807.818585,15
1540257807.835837,15
1540257807.849910,15
1540257807.864388,16
1540257807.878178,16
1540257807.894228,16
1540257807.908968,16
1540257807.932289,15
1540257807.964681,16
1540257807.984309,15
1540257807.999541,15
1540257808.014426,15
1540257808.029747,15
1540257808.045921,15
1540257808.060383,15
1540257808.075188,17
1540257808.090436,17
1540257808.105145,17
1540257808.120255,17
1540257808.136397,17
1540257808.151027,15
1540257808.165601,15
1540257808.180502,15
1540257808.194376,16
1540257808.208294,16
1540257808.222998,16
1540257808.238194,16
1540257808.252874,17
1540257808.269711,16
1540257808.293891,15
1540257808.314156,17
1540257808.338340,16
1540257808.381389,18
1540257808.405961,17
1540257808.428348,18
1540257808.449856,17
1540257808.470072,17
1540257808.494915,18
1540257808.516202,17
1540257808.537896,16
1540257808.562432,18
1540257808.586305,18
1540257808.608100,18
1540257808.631258,17
1540257808.654946,18
1540257808.679190,17
1540257808.701142,16
1540257808.722110,18
1540257808.743997,18
1540257808.787891,19
1540257808.813429,19
1540257808.836824,18
1540257808.862186,19
1540257808.882047,19
1540257808.905328,18
1540257808.926976,19
1540257808.950549,18
1540257808.973705,18
1540257808.998324,18
1540257809.037007,18
1540257809.063504,19
1540257809.084457,19
1540257809.105909,20
1540257809.122765,20
1540257809.136704,18
1540257809.150564,18
1540257809.166299,18
1540257809.180540,19
1540257809.195188,19
1540257809.209417,19
1540257809.225196,19
1540257809.239364,19
1540257809.253898,20
1540257809.284960,20
1540257809.299719,20
1540257809.329701,18
1540257809.348737,20
1540257809.363443,20
1540257809.377906,20
1540257809.413473,20
1540257809.428065,20
1540257809.442086,20
1540257809.457873,18
1540257809.474308,20
1540257809.489880,18
1540257809.504593,18
1540257809.518353,19
1540257809.532220,19
1540257809.546999,19
1540257809.561145,19
1540257809.575324,20
1540257809.589551,20
1540257809.603657,18
1540257809.618475,17
1540257809.632758,17
1540257809.647264,16
1540257809.661263,15
1540257809.676338,13
1540257809.690648,12
1540257809.704783,12
1540257809.719179,11
1540257809.735075,10
1540257809.749530,9
1540257809.763432,9
1540257809.776736,11
1540257809.792389,11
1540257809.807084,11
1540257809.822516,11
1540257809.837856,10
1540257809.855839,11
1540257809.871419,12
1540257809.887654,12
1540257809.903207,12
1540257809.918315,12
1540257809.932668,10
1540257809.947498,11
1540257809.968394,10
1540257809.996326,11
1540257810.021439,12
1540257810.050126,12
1540257810.068209,12
1540257810.083676,12
1540257810.098285,10
1540257810.114015,13
1540257810.129645,13
1540257810.145294,13
1540257810.160872,11
1540257810.174754,11
1540257810.188816,12
1540257810.202617,12
1540257810.217418,12
1540257810.233253,12
1540257810.248744,12
1540257810.266224,12
1540257810.280665,12
1540257810.299401,12
1540257810.314106,12
1540257810.337648,12
1540257810.361427,14
1540257810.390449,14
1540257810.414297,13
1540257810.436589,12
1540257810.458250,14
1540257810.480941,13
1540257810.503166,14
1540257810.524113,13
1540257810.543683,13
1540257810.565484,14
1540257810.587847,13
1540257810.612404,13
1540257810.643419,14
1540257810.678267,13
1540257810.700156,15
1540257810.722422,14
1540257810.743248,15
1540257810.764435,15
1540257810.788678,14
1540257810.810195,15
1540257810.831260,14
1540257810.861131,14
1540257810.886074,14
1540257810.911207,15
1540257810.933371,15
1540257810.958098,15
1540257810.978545,15
1540257811.008194,15
1540257811.023119,15
1540257811.040122,15
1540257811.054321,16
1540257811.068958,16
1540257811.084936,16
1540257811.100009,16
1540257811.114486,16
1540257811.129319,14
1540257811.143614,15
1540257811.158320,15
1540257811.172949,16
1540257811.188277,16
1540257811.203925,16
1540257811.219571,16
1540257811.243158,15
1540257811.265232,16
1540257811.280185,17
1540257811.293878,17
1540257811.311496,17
1540257811.325429,17
1540257811.340783,17
1540257811.355695,17
1540257811.370184,15
1540257811.384483,16
1540257811.398244,16
1540257811.414775,16
1540257811.428661,16
1540257811.444430,16
1540257811.459119,16
1540257811.473225,18
1540257811.487980,18
1540257811.502626,18
1540257811.517333,18
1540257811.532368,16
1540257811.548136,17
1540257811.562333,17
1540257811.576653,17
1540257811.590755,17
1540257811.604842,17
1540257811.618803,18
1540257811.634059,18
1540257811.648770,18
1540257811.662870,16
1540257811.677009,16
1540257811.692495,17
1540257811.706787,17
1540257811.722334,17
1540257811.736913,17
1540257811.753517,17
1540257811.768912,17
1540257811.783670,17
1540257811.799575,18
1540257811.813290,19
1540257811.827763,19
1540257811.858751,17
1540257811.877367,19
1540257811.892382,19
1540257811.907766,19
1540257811.922663,19
1540257811.937230,19
1540257811.952395,17
1540257811.966228,18
1540257811.982786,18
1540257812.008165,18
1540257812.036139,17
1540257812.051096,19
1540257812.066908,19
1540257812.086057,19
1540257812.099821,19
1540257812.114336,17
1540257812.128783,17
1540257812.143076,19
1540257812.157918,19
1540257812.172748,19
1540257812.190011,19
1540257812.205644,19
