1540576635.786949,0
1540576635.823482,0
1540576635.862663,0
1540576635.883276,0
1540576635.903357,0
1540576635.924967,0
1540576635.945548,0
1540576635.966615,0
1540576635.987382,0
1540576636.013181,0
1540576636.036276,0
1540576636.058144,0
1540576636.081661,0
1540576636.105707,0
1540576636.126693,0
1540576636.162812,0
1540576636.209023,0
1540576636.237306,0
1540576636.258895,0
1540576636.306376,0
1540576636.347064,0
1540576636.403066,0
1540576636.439406,0
1540576636.470823,0
1540576636.509978,0
1540576636.580717,0
1540576636.619878,0
1540576636.677598,0
1540576636.724210,0
1540576636.757886,0
1540576636.827671,0
1540576636.888990,0
1540576636.929716,0
1540576636.986998,0
1540576637.025219,0
1540576637.074561,0
1540576637.103447,0
1540576637.134877,0
1540576637.158642,0
1540576637.182868,0
1540576637.202548,0
1540576637.226893,0
1540576637.250760,0
1540576637.271861,0
1540576637.294810,0
1540576637.317221,0
1540576637.339139,0
1540576637.372876,0
1540576637.394857,0
1540576637.425556,0
1540576637.446715,0
1540576637.467473,0
1540576637.541433,0
1540576637.586739,0
1540576637.622066,0
1540576637.670750,0
1540576637.705430,0
1540576637.736971,0
1540576637.783501,0
1540576637.826788,0
1540576637.881337,0
1540576637.943714,0
1540576638.030544,0
1540576638.070265,0
1540576638.116825,0
1540576638.160737,0
1540576638.190312,0
1540576638.211345,0
1540576638.233630,0
1540576638.256221,0
1540576638.298664,0
1540576638.348758,0
1540576638.370774,0
1540576638.391455,0
1540576638.415288,0
1540576638.436171,0
1540576638.460095,0
1540576638.481811,0
1540576638.505993,0
1540576638.529785,0
1540576638.550610,0
1540576638.573288,0
1540576638.593742,0
1540576638.613095,0
1540576638.634678,0
1540576638.655764,0
1540576638.679003,0
1540576638.703250,0
1540576638.724030,0
1540576638.746793,0
1540576638.768195,0
1540576638.790472,0
1540576638.811277,0
1540576638.833277,0
1540576638.854091,0
1540576638.886503,0
1540576638.922886,0
1540576638.962639,0
1540576638.993619,0
1540576639.045596,0
1540576639.085625,0
1540576639.135312,0
1540576639.165244,0
1540576639.214166,0
1540576639.234982,0
1540576639.258630,0
1540576639.282617,0
1540576639.307349,0
1540576639.326719,0
1540576639.348592,0
1540576639.372338,0
1540576639.393639,0
1540576639.415712,1
1540576639.437988,0
1540576639.463163,0
1540576639.485903,0
1540576639.510042,0
1540576639.530565,0
1540576639.549635,0
1540576639.572032,0
1540576639.592650,0
1540576639.615656,0
1540576639.639490,0
1540576639.662674,0
1540576639.687452,0
1540576639.728819,0
1540576639.772441,0
1540576639.794789,0
1540576639.817596,0
1540576639.842458,0
1540576639.881911,0
1540576639.929651,0
1540576639.949795,0
1540576639.971656,0
1540576639.992595,0
1540576640.060679,0
1540576640.097735,0
1540576640.126042,0
1540576640.146635,0
1540576640.168424,0
1540576640.190747,0
1540576640.210777,0
1540576640.233692,0
1540576640.259338,0
1540576640.282690,0
1540576640.305612,0
1540576640.326922,0
1540576640.348270,0
1540576640.369368,0
1540576640.391569,0
1540576640.410762,0
1540576640.448877,0
1540576640.479302,0
1540576640.503538,0
1540576640.523960,0
1540576640.553076,0
1540576640.574293,0
1540576640.593615,0
1540576640.614606,0
1540576640.636282,0
1540576640.659048,0
1540576640.681970,0
1540576640.738692,7
1540576640.770823,13
1540576640.830986,20
1540576640.869997,19
1540576640.891660,19
1540576640.915442,20
1540576640.938388,20
1540576640.964379,19
1540576640.985616,20
1540576641.006557,18
1540576641.033627,19
1540576641.059813,18
1540576641.108135,17
1540576641.154047,19
1540576641.176288,17
1540576641.197989,19
1540576641.218098,20
1540576641.239725,19
1540576641.259397,19
1540576641.279175,18
1540576641.318374,20
1540576641.362912,20
1540576641.382569,20
1540576641.403790,20
1540576641.424833,19
1540576641.446654,20
1540576641.470576,20
1540576641.494668,20
1540576641.514489,18
1540576641.537887,17
1540576641.561457,18
1540576641.582058,17
1540576641.606733,16
1540576641.627447,15
1540576641.649669,14
1540576641.669281,14
1540576641.691509,14
1540576641.711910,14
1540576641.732718,13
1540576641.755194,16
1540576641.776289,16
1540576641.798795,16
1540576641.820694,15
1540576641.842623,17
1540576641.865720,17
1540576641.887384,17
1540576641.926118,16
1540576641.972668,17
1540576641.993646,17
1540576642.014313,16
1540576642.034750,17
1540576642.057238,17
1540576642.086095,17
1540576642.125253,17
1540576642.169199,17
1540576642.193178,17
1540576642.213592,18
1540576642.239489,18
1540576642.261149,18
1540576642.281634,17
1540576642.303187,18
1540576642.328211,18
1540576642.350717,18
1540576642.370743,17
1540576642.392964,18
1540576642.414674,18
1540576642.436572,17
1540576642.457782,18
1540576642.482688,17
1540576642.518897,18
1540576642.588767,17
1540576642.612834,19
1540576642.636293,19
1540576642.655920,18
1540576642.679954,18
1540576642.701668,19
1540576642.721893,19
1540576642.744997,19
1540576642.769031,19
1540576642.793136,18
1540576642.815544,18
1540576642.838518,19
1540576642.862789,19
1540576642.884498,19
1540576642.907211,19
1540576642.927180,20
1540576642.948062,20
1540576642.968028,20
1540576643.001878,19
1540576643.022972,20
1540576643.045757,20
1540576643.077386,19
1540576643.125759,19
1540576643.171135,19
1540576643.214614,20
1540576643.249161,19
1540576643.270497,20
1540576643.291155,20
1540576643.314556,20
1540576643.337789,19
1540576643.359238,20
1540576643.380167,19
1540576643.401052,19
1540576643.423234,20
1540576643.445444,18
1540576643.468877,18
1540576643.491300,17
1540576643.512586,15
1540576643.533679,15
1540576643.555201,14
1540576643.582783,12
1540576643.602678,15
1540576643.624650,14
1540576643.646344,15
1540576643.671229,14
1540576643.705475,16
1540576643.758810,16
1540576643.783109,17
1540576643.805948,17
1540576643.825918,16
1540576643.846689,17
1540576643.871014,16
1540576643.892499,16
1540576643.914794,17
1540576643.938942,18
1540576643.962228,18
1540576643.986440,17
1540576644.009579,18
1540576644.036725,18
1540576644.060423,18
1540576644.080447,18
1540576644.101554,18
1540576644.128360,19
1540576644.162205,19
1540576644.201077,19
1540576644.235472,19
1540576644.259381,19
1540576644.282517,19
1540576644.322916,18
1540576644.368185,20
1540576644.389194,20
1540576644.414220,20
1540576644.435775,20
1540576644.460325,20
1540576644.481606,19
1540576644.505215,19
1540576644.529601,20
1540576644.551201,20
1540576644.574797,20
1540576644.594697,20
1540576644.614813,20
1540576644.637437,20
1540576644.659781,20
1540576644.680602,19
1540576644.702217,20
1540576644.725689,20
1540576644.746459,19
1540576644.770675,19
1540576644.792917,20
1540576644.814416,20
1540576644.835158,19
1540576644.857822,19
1540576644.878261,20
1540576644.916525,19
1540576644.961822,18
1540576644.986773,16
1540576645.009589,15
1540576645.045649,12
1540576645.069844,14
1540576645.090678,15
1540576645.111316,15
1540576645.140522,14
1540576645.177758,15
1540576645.236983,16
1540576645.258690,17
1540576645.281819,17
1540576645.303163,16
1540576645.326092,16
1540576645.346783,17
1540576645.367284,16
1540576645.389490,17
1540576645.414645,18
1540576645.439781,17
1540576645.461348,18
1540576645.482472,17
1540576645.520457,18
1540576645.562051,18
1540576645.584955,19
1540576645.607290,19
1540576645.630560,19
1540576645.653452,19
1540576645.675567,19
1540576645.698937,18
1540576645.722027,19
1540576645.743166,19
1540576645.765443,18
1540576645.786285,18
1540576645.807741,19
1540576645.828378,18
1540576645.849763,20
1540576645.870688,20
1540576645.892368,19
1540576645.914635,20
1540576645.938376,20
1540576645.959759,20
1540576645.980824,19
1540576646.004825,19
1540576646.028082,20
1540576646.049716,20
1540576646.079832,19
1540576646.123984,20
1540576646.159005,19
1540576646.191739,20
1540576646.239219,20
1540576646.272810,19
1540576646.293679,20
1540576646.318158,20
1540576646.339455,20
1540576646.359471,19
1540576646.382930,19
1540576646.405678,18
1540576646.427384,17
1540576646.446515,16
1540576646.466301,15
1540576646.488615,15
1540576646.511355,13
1540576646.534213,14
1540576646.556111,14
1540576646.578825,14
1540576646.602284,15
1540576646.623096,16
1540576646.643544,15
1540576646.666221,16
1540576646.688342,17
1540576646.724136,17
1540576646.769018,17
1540576646.790634,17
1540576646.818209,16
1540576646.842439,17
1540576646.862134,18
1540576646.886144,17
1540576646.908548,18
1540576646.930682,18
1540576646.951274,18
1540576646.972605,18
1540576646.994990,18
1540576647.017137,17
1540576647.039892,17
1540576647.061691,19
1540576647.085587,19
1540576647.106759,19
1540576647.128934,19
1540576647.150843,19
1540576647.178867,19
1540576647.216364,19
1540576647.271252,18
1540576647.293637,19
1540576647.327203,20
1540576647.370218,20
1540576647.392925,20
1540576647.419311,19
1540576647.443525,19
1540576647.466653,19
1540576647.489403,20
1540576647.511595,20
1540576647.531662,19
1540576647.553145,20
1540576647.573485,19
1540576647.593603,20
1540576647.616768,20
1540576647.637146,19
1540576647.660509,19
1540576647.683485,20
1540576647.706391,20
1540576647.726156,20
1540576647.749693,20
1540576647.772508,20
1540576647.792209,20
1540576647.812393,20
1540576647.833475,19
1540576647.856421,19
1540576647.877947,17
1540576647.901889,17
1540576647.941993,15
1540576647.979565,13
1540576648.000926,12
1540576648.026747,15
1540576648.046776,15
1540576648.069227,15
1540576648.095210,16
1540576648.128602,16
1540576648.150602,16
1540576648.172128,16
1540576648.195658,17
1540576648.245928,17
1540576648.277684,16
1540576648.301911,17
1540576648.323164,16
1540576648.345491,18
1540576648.365118,17
1540576648.388499,17
1540576648.409471,18
1540576648.429699,17
1540576648.453623,17
1540576648.475901,17
1540576648.498034,18
1540576648.541776,18
1540576648.574281,18
1540576648.594800,19
1540576648.615622,18
1540576648.638425,18
1540576648.662516,18
1540576648.686714,19
1540576648.710147,18
1540576648.733326,19
1540576648.757202,19
1540576648.776907,18
1540576648.798658,19
1540576648.824152,19
1540576648.847155,20
1540576648.870407,20
1540576648.890275,20
1540576648.911545,19
1540576648.933976,20
1540576648.955133,20
1540576648.976600,20
1540576648.998773,20
1540576649.022225,19
1540576649.041927,19
1540576649.064564,20
1540576649.143804,20
1540576649.193962,19
1540576649.247927,20
1540576649.295303,19
1540576649.317405,18
1540576649.340861,19
1540576649.362578,18
1540576649.382532,17
1540576649.404685,16
1540576649.425599,15
1540576649.449751,14
1540576649.470658,12
1540576649.497276,15
1540576649.521763,15
1540576649.545715,15
1540576649.565982,14
1540576649.596093,15
1540576649.615907,16
1540576649.639205,16
1540576649.661630,17
1540576649.681488,16
1540576649.704795,17
1540576649.743546,17
1540576649.778266,16
1540576649.802540,18
1540576649.822757,18
1540576649.843866,17
1540576649.865848,18
1540576649.886718,18
1540576649.909078,17
1540576649.934083,18
1540576649.959858,18
1540576649.982242,17
1540576650.010528,19
1540576650.033448,19
1540576650.053734,18
1540576650.074864,19
1540576650.097646,18
1540576650.118368,18
1540576650.138732,19
1540576650.173994,18
1540576650.197756,19
1540576650.218994,19
1540576650.241067,19
1540576650.262434,20
1540576650.289315,20
1540576650.337019,19
1540576650.385967,19
1540576650.438399,20
1540576650.460960,19
1540576650.482639,19
1540576650.504036,20
1540576650.526668,20
1540576650.547204,19
1540576650.567356,20
1540576650.587966,20
1540576650.609781,20
1540576650.633216,20
1540576650.657705,20
1540576650.679228,20
1540576650.700598,19
1540576650.721683,20
1540576650.742732,20
1540576650.763577,20
1540576650.785788,20
1540576650.809479,20
1540576650.833822,19
1540576650.858238,18
1540576650.882678,17
1540576650.906042,16
1540576650.945739,14
1540576650.980776,14
1540576651.002965,15
1540576651.024054,14
1540576651.045273,14
1540576651.069551,16
1540576651.092194,16
1540576651.113939,16
1540576651.136511,16
1540576651.159090,17
1540576651.182575,17
1540576651.217363,17
1540576651.239907,17
1540576651.277132,17
1540576651.318844,18
1540576651.343981,18
1540576651.366735,18
1540576651.387009,18
1540576651.408853,17
1540576651.429987,19
1540576651.449701,19
1540576651.472996,19
1540576651.494440,19
1540576651.534485,19
1540576651.582133,18
1540576651.603445,19
1540576651.636185,17
1540576651.657591,18
1540576651.681415,18
1540576651.704385,19
1540576651.726612,19
1540576651.750738,20
1540576651.772017,19
1540576651.792568,20
1540576651.814325,20
1540576651.835915,20
1540576651.860710,20
1540576651.884683,20
1540576651.905829,20
1540576651.928045,20
1540576651.948055,19
1540576651.969769,20
1540576651.992917,20
1540576652.013221,20
1540576652.035069,20
1540576652.056383,20
1540576652.077460,19
1540576652.126446,19
1540576652.148075,20
1540576652.169853,20
1540576652.189836,19
1540576652.215508,20
1540576652.238717,19
1540576652.262175,20
1540576652.282641,19
1540576652.314210,19
1540576652.350517,17
1540576652.398557,15
1540576652.423554,13
1540576652.445624,13
1540576652.467613,15
1540576652.494232,15
1540576652.517718,15
1540576652.539107,14
1540576652.563118,15
1540576652.582913,16
1540576652.606566,16
1540576652.632877,17
1540576652.652905,17
1540576652.678387,16
1540576652.699836,15
1540576652.720518,17
1540576652.740865,16
1540576652.764241,15
1540576652.786792,17
1540576652.809642,17
1540576652.834702,18
1540576652.855677,17
1540576652.877125,16
1540576652.898677,18
1540576652.923198,17
1540576652.943489,18
1540576652.966488,18
1540576652.989054,17
1540576653.009641,19
1540576653.030670,18
1540576653.051787,18
1540576653.073675,19
1540576653.094879,18
1540576653.119535,18
1540576653.141573,19
1540576653.163612,18
1540576653.184584,17
1540576653.218165,20
1540576653.240014,19
1540576653.261720,19
1540576653.286595,20
1540576653.314280,19
1540576653.340010,19
1540576653.372237,20
1540576653.423234,19
1540576653.449519,19
1540576653.471736,19
1540576653.493921,20
1540576653.518385,19
1540576653.541952,20
1540576653.562409,19
1540576653.584843,19
1540576653.605561,20
1540576653.626637,19
1540576653.650285,19
1540576653.672498,20
1540576653.697189,19
1540576653.718779,18
1540576653.741627,19
1540576653.761643,19
1540576653.783305,19
1540576653.806197,18
1540576653.829625,16
1540576653.850867,16
1540576653.873607,15
1540576653.896966,14
1540576653.917854,12
1540576653.941902,14
1540576653.963233,15
1540576653.985556,15
1540576654.006417,14
1540576654.028115,16
1540576654.050322,16
1540576654.071598,15
1540576654.092711,15
1540576654.113917,14
1540576654.134672,17
1540576654.157732,16
1540576654.178543,15
1540576654.201403,17
1540576654.224196,16
1540576654.251681,16
1540576654.275016,15
1540576654.296379,18
1540576654.324782,16
1540576654.372926,16
1540576654.415784,17
1540576654.437583,16
1540576654.461531,19
1540576654.491586,18
1540576654.512771,18
1540576654.533132,17
1540576654.558347,18
1540576654.581201,17
1540576654.603014,19
1540576654.623344,18
1540576654.645582,17
1540576654.668065,18
1540576654.691183,18
1540576654.713851,20
1540576654.735485,19
1540576654.756958,18
1540576654.777954,20
1540576654.801927,19
1540576654.825304,20
1540576654.846682,20
1540576654.868042,19
1540576654.889269,18
1540576654.911052,19
1540576654.932605,19
1540576654.953464,18
1540576654.977885,19
1540576654.998341,19
1540576655.020984,20
1540576655.041950,19
1540576655.065655,18
1540576655.087476,20
1540576655.110077,19
1540576655.135620,20
1540576655.158702,19
1540576655.181517,20
1540576655.205915,19
1540576655.230504,20
1540576655.260171,20
1540576655.283281,18
1540576655.303419,18
1540576655.324139,17
1540576655.353227,16
1540576655.378295,15
1540576655.412419,13
1540576655.450495,15
1540576655.473451,15
1540576655.497491,15
1540576655.518009,15
1540576655.539675,16
1540576655.561880,16
1540576655.582925,15
1540576655.605265,14
1540576655.626478,17
1540576655.648503,16
1540576655.671180,15
1540576655.697399,16
1540576655.718345,15
1540576655.742791,16
1540576655.763511,16
1540576655.784123,15
1540576655.806229,18
1540576655.827102,17
1540576655.849386,16
1540576655.871562,17
1540576655.895486,17
1540576655.918185,18
1540576655.941629,17
1540576655.962139,17
1540576655.983271,19
1540576656.004085,18
1540576656.025182,18
1540576656.046670,19
1540576656.066624,18
1540576656.086712,18
1540576656.109630,17
1540576656.131353,19
1540576656.153027,18
1540576656.173754,19
1540576656.194656,20
1540576656.214675,19
1540576656.237659,18
1540576656.267360,19
1540576656.290664,20
1540576656.311297,19
1540576656.332342,19
1540576656.362400,19
1540576656.399511,18
1540576656.437869,20
1540576656.465172,20
1540576656.486640,19
1540576656.506586,19
1540576656.527349,18
1540576656.546618,20
1540576656.570502,19
1540576656.590666,18
1540576656.612632,20
1540576656.634829,19
1540576656.655786,18
1540576656.678895,20
1540576656.701658,19
1540576656.725795,20
1540576656.746823,19
1540576656.769220,18
1540576656.790818,18
1540576656.813600,17
1540576656.833572,15
1540576656.856035,14
1540576656.876533,13
1540576656.897144,12
1540576656.916507,15
1540576656.937365,14
1540576656.961617,14
1540576656.983616,15
1540576657.004732,16
1540576657.029563,15
1540576657.053816,16
1540576657.076969,16
1540576657.097935,15
1540576657.121369,17
1540576657.142716,16
1540576657.162936,15
1540576657.182741,17
1540576657.205629,17
1540576657.225214,16
1540576657.248397,17
1540576657.275116,17
1540576657.297093,18
1540576657.316469,18
1540576657.337614,17
1540576657.366317,18
1540576657.404872,18
1540576657.457190,17
1540576657.478913,18
1540576657.504309,17
1540576657.527395,19
1540576657.549194,18
1540576657.568872,17
1540576657.591843,18
1540576657.613709,18
1540576657.633633,17
1540576657.657232,18
1540576657.678308,19
1540576657.698673,18
1540576657.719231,20
1540576657.743131,19
1540576657.765462,20
1540576657.786068,19
1540576657.807148,19
1540576657.828982,20
1540576657.849120,20
1540576657.871156,19
1540576657.891833,18
1540576657.913614,20
1540576657.934708,19
1540576657.957581,20
1540576657.978732,20
1540576658.001803,19
1540576658.025795,20
1540576658.047134,19
1540576658.067124,19
1540576658.087958,20
1540576658.108261,20
1540576658.130645,19
1540576658.152078,20
1540576658.172319,20
1540576658.193735,19
1540576658.214940,18
1540576658.236950,19
1540576658.257594,18
1540576658.285759,17
1540576658.307675,16
1540576658.328988,15
1540576658.348808,14
1540576658.377970,12
1540576658.402389,14
1540576658.436890,15
1540576658.481691,15
1540576658.504198,16
1540576658.529868,14
1540576658.551711,16
1540576658.574009,15
1540576658.596374,17
1540576658.617791,17
1540576658.671631,16
1540576658.694467,16
1540576658.715972,17
1540576658.738596,16
1540576658.760818,18
1540576658.784958,17
1540576658.805737,17
1540576658.827518,18
1540576658.848341,18
1540576658.870491,17
1540576658.895189,18
1540576658.914723,18
1540576658.935588,18
1540576658.958373,19
1540576658.982719,18
1540576659.004360,19
1540576659.025141,19
1540576659.047028,18
1540576659.068081,17
1540576659.088305,19
1540576659.109849,18
1540576659.133551,19
1540576659.154253,20
1540576659.177212,19
1540576659.201513,20
1540576659.224594,19
1540576659.245273,18
1540576659.267074,20
1540576659.291633,19
1540576659.315423,20
1540576659.338383,19
1540576659.360345,18
1540576659.388456,19
1540576659.427600,20
1540576659.472327,19
1540576659.496586,19
1540576659.516182,19
1540576659.537335,20
1540576659.558707,19
1540576659.581687,19
1540576659.602991,20
1540576659.626415,19
1540576659.649477,18
1540576659.671217,20
1540576659.693649,19
1540576659.715742,18
1540576659.735581,18
1540576659.756217,17
1540576659.775644,16
1540576659.797134,15
1540576659.821649,13
1540576659.842827,12
1540576659.864466,15
1540576659.885311,15
1540576659.906283,14
1540576659.928078,15
1540576659.950636,16
1540576659.973702,15
1540576659.994529,15
1540576660.018808,15
1540576660.043210,15
1540576660.064394,17
1540576660.086705,16
1540576660.106519,16
1540576660.127605,17
1540576660.146962,17
1540576660.169681,16
1540576660.190866,15
1540576660.212179,17
1540576660.234857,17
1540576660.257763,18
1540576660.291578,18
1540576660.314280,17
1540576660.336337,18
1540576660.358860,17
1540576660.389858,19
1540576660.426269,18
1540576660.463903,18
1540576660.494631,18
1540576660.517660,19
1540576660.538618,18
1540576660.559623,17
1540576660.581843,19
1540576660.605640,19
1540576660.627159,18
1540576660.657743,18
1540576660.678395,20
1540576660.702033,19
1540576660.726027,20
1540576660.748702,19
1540576660.770946,18
1540576660.791987,20
1540576660.813579,19
1540576660.836553,19
1540576660.859583,19
1540576660.882149,19
1540576660.905464,20
1540576660.926705,19
1540576660.947296,18
1540576660.970151,20
1540576660.993849,19
1540576661.014977,20
1540576661.036310,20
1540576661.058719,19
1540576661.081521,20
1540576661.101590,19
1540576661.123777,19
1540576661.145148,20
1540576661.165745,18
1540576661.189361,17
1540576661.214196,17
1540576661.237230,16
1540576661.257206,14
1540576661.279386,14
1540576661.301037,13
1540576661.327233,14
1540576661.347470,15
1540576661.369884,14
1540576661.390697,15
1540576661.410539,16
1540576661.438768,15
1540576661.477581,16
1540576661.527737,17
1540576661.550657,16
1540576661.572259,17
1540576661.593949,16
1540576661.617061,16
1540576661.638700,17
1540576661.662029,16
1540576661.685940,16
1540576661.709617,17
1540576661.733065,17
1540576661.755701,17
1540576661.779180,17
1540576661.799338,18
1540576661.819901,17
1540576661.840816,18
1540576661.861685,17
1540576661.882168,19
1540576661.902327,18
1540576661.923836,18
1540576661.944753,19
1540576661.966817,18
1540576661.989515,17
1540576662.013675,19
1540576662.036012,18
1540576662.058062,19
1540576662.078157,19
1540576662.100457,19
1540576662.120719,20
1540576662.142563,19
1540576662.165616,19
1540576662.186727,18
1540576662.209221,19
1540576662.231529,17
1540576662.252108,18
1540576662.273926,17
1540576662.304068,17
1540576662.337406,14
1540576662.357698,14
1540576662.379114,13
1540576662.401913,11
1540576662.436650,14
1540576662.477346,14
1540576662.522418,14
1540576662.546512,14
1540576662.570337,16
1540576662.591558,15
1540576662.615002,14
1540576662.637919,15
1540576662.660707,14
1540576662.685712,15
1540576662.710213,13
1540576662.734683,15
1540576662.754906,14
1540576662.775347,13
1540576662.794826,16
1540576662.817698,16
1540576662.838765,14
1540576662.859490,16
1540576662.879236,15
1540576662.901613,15
1540576662.926860,16
1540576662.947430,15
1540576662.969072,14
1540576662.989951,16
1540576663.009637,15
1540576663.030629,15
1540576663.052143,14
1540576663.074393,15
1540576663.094831,15
1540576663.115292,14
1540576663.138551,15
1540576663.161641,15
1540576663.182826,16
1540576663.205624,15
1540576663.227707,14
1540576663.250543,16
1540576663.270740,15
1540576663.293441,15
1540576663.314729,16
1540576663.340456,15
1540576663.361972,16
1540576663.386930,15
1540576663.409606,16
1540576663.436999,15
1540576663.458637,14
1540576663.501888,15
1540576663.538530,14
1540576663.565771,14
1540576663.586748,16
1540576663.606679,15
1540576663.627267,15
1540576663.648396,16
1540576663.673065,15
1540576663.694900,14
1540576663.714823,14
1540576663.735764,16
1540576663.757676,15
1540576663.777355,14
1540576663.800287,16
1540576663.819857,15
1540576663.841645,14
1540576663.863019,17
1540576663.883318,16
1540576663.904037,16
1540576663.925450,17
1540576663.946125,16
1540576663.967025,16
1540576663.988539,17
1540576664.009716,16
1540576664.029590,16
1540576664.052052,15
1540576664.073783,17
1540576664.093822,16
1540576664.114686,15
1540576664.138469,17
1540576664.162507,16
1540576664.185382,15
1540576664.207844,16
1540576664.227532,16
1540576664.248050,17
1540576664.270113,16
1540576664.291279,16
1540576664.314203,17
1540576664.346205,17
1540576664.369907,16
1540576664.392686,18
1540576664.414655,17
1540576664.438637,16
1540576664.474945,18
1540576664.510445,17
1540576664.539469,18
1540576664.560096,17
1540576664.582950,16
1540576664.602635,18
1540576664.624355,18
1540576664.649435,16
1540576664.670656,18
1540576664.690597,17
1540576664.710552,17
1540576664.733697,18
1540576664.759523,17
1540576664.781572,18
1540576664.803459,17
1540576664.826207,16
1540576664.847493,18
1540576664.870459,17
1540576664.891462,16
1540576664.914739,17
1540576664.936147,17
1540576664.957107,16
1540576664.978805,18
1540576665.001690,18
1540576665.021550,17
1540576665.043363,18
1540576665.063542,18
1540576665.085752,17
1540576665.107644,19
1540576665.129569,18
1540576665.150490,17
1540576665.170712,19
1540576665.193811,18
1540576665.214819,17
1540576665.238710,18
1540576665.260562,18
1540576665.285373,19
1540576665.306699,18
1540576665.326850,17
1540576665.349780,19
1540576665.381667,19
1540576665.402567,18
1540576665.423162,17
1540576665.445603,19
1540576665.471785,18
1540576665.501994,18
1540576665.539883,20
1540576665.578276,19
1540576665.600748,18
1540576665.623776,20
1540576665.646710,19
1540576665.669316,18
1540576665.689939,19
1540576665.714190,18
1540576665.737647,19
1540576665.760170,19
1540576665.781073,20
1540576665.802991,19
1540576665.826031,19
1540576665.848999,20
1540576665.869527,19
1540576665.890370,19
1540576665.911481,20
1540576665.932482,19
1540576665.956770,18
1540576665.977168,20
1540576666.001597,19
1540576666.022642,18
1540576666.043914,20
1540576666.065844,19
1540576666.086498,18
1540576666.107379,20
1540576666.128029,19
1540576666.149482,18
1540576666.172648,20
1540576666.193093,19
1540576666.214797,19
1540576666.238022,20
1540576666.257743,19
1540576666.281398,19
1540576666.303152,19
1540576666.326009,19
1540576666.348172,20
1540576666.384277,20
1540576666.408476,19
1540576666.431398,18
1540576666.454148,17
1540576666.483886,15
1540576666.518496,14
1540576666.552468,12
1540576666.589622,15
1540576666.612621,15
1540576666.634684,15
1540576666.656438,16
1540576666.676952,14
1540576666.697689,16
1540576666.721655,15
1540576666.747042,17
1540576666.769998,16
1540576666.793817,17
1540576666.814708,16
1540576666.835690,16
1540576666.858578,17
1540576666.881235,16
1540576666.902187,15
1540576666.924331,18
1540576666.947403,17
1540576666.970159,18
1540576666.992265,18
1540576667.015172,16
1540576667.039035,17
1540576667.061848,17
1540576667.084210,19
1540576667.103419,18
1540576667.127197,17
1540576667.149855,19
1540576667.170718,18
1540576667.191263,17
1540576667.214474,19
1540576667.236425,18
1540576667.258586,19
1540576667.279763,19
1540576667.303387,18
1540576667.326226,20
1540576667.346707,19
1540576667.369641,18
1540576667.417060,20
1540576667.440885,20
1540576667.465190,19
1540576667.491548,20
1540576667.525635,19
1540576667.572432,19
1540576667.595121,18
1540576667.618879,20
1540576667.639773,19
1540576667.660358,18
1540576667.682830,20
1540576667.705459,19
1540576667.729064,20
1540576667.749644,19
1540576667.773400,19
1540576667.794415,20
1540576667.817649,19
1540576667.839564,18
1540576667.862349,19
1540576667.885445,19
1540576667.905845,18
1540576667.927700,16
1540576667.946953,16
1540576667.968472,14
1540576667.990665,13
1540576668.010650,13
1540576668.030654,14
1540576668.053151,15
1540576668.073561,14
1540576668.095685,14
1540576668.118717,16
1540576668.141634,16
1540576668.166297,15
1540576668.187534,16
1540576668.208315,16
1540576668.231125,16
1540576668.253354,17
1540576668.273870,16
1540576668.296986,16
1540576668.321354,17
1540576668.342823,16
1540576668.369625,17
1540576668.390452,17
1540576668.412770,16
1540576668.445752,16
1540576668.467729,17
1540576668.492291,16
1540576668.512529,18
1540576668.537629,17
1540576668.563372,19
1540576668.619602,19
1540576668.645788,18
1540576668.669196,18
1540576668.693907,19
1540576668.715334,18
1540576668.736084,17
1540576668.759216,18
1540576668.783643,17
1540576668.805009,20
1540576668.827684,19
1540576668.847912,18
1540576668.870288,20
1540576668.892690,19
1540576668.917561,18
1540576668.938631,19
1540576668.960130,19
1540576668.981667,20
1540576669.003261,19
1540576669.025012,19
1540576669.046649,20
1540576669.068472,19
1540576669.090114,18
1540576669.112629,20
1540576669.134780,19
1540576669.157657,18
1540576669.179415,19
1540576669.201752,18
1540576669.226762,20
1540576669.246786,19
1540576669.267743,18
1540576669.290323,20
1540576669.313781,19
1540576669.335170,19
1540576669.356228,17
1540576669.377902,17
1540576669.398137,16
1540576669.418890,16
1540576669.441625,15
1540576669.472245,13
1540576669.498654,15
1540576669.520998,15
1540576669.542646,14
1540576669.562661,15
1540576669.591546,16
1540576669.629361,15
1540576669.667793,16
1540576669.697715,15
1540576669.719357,16
1540576669.742055,16
1540576669.764102,17
1540576669.786157,16
1540576669.807932,15
1540576669.831296,17
1540576669.853975,17
1540576669.877333,16
1540576669.902976,17
1540576669.924736,18
1540576669.947589,17
1540576669.969372,16
1540576669.989595,18
1540576670.009642,19
1540576670.030863,18
1540576670.054877,19
1540576670.074793,18
1540576670.095802,18
1540576670.117178,17
1540576670.138593,18
1540576670.162166,18
1540576670.183315,19
1540576670.205632,18
1540576670.226962,18
1540576670.249782,20
1540576670.270363,19
1540576670.289941,19
1540576670.311877,20
1540576670.334076,19
1540576670.354660,19
1540576670.375178,20
1540576670.396567,20
1540576670.418879,19
1540576670.441817,18
1540576670.464340,19
1540576670.501449,19
1540576670.522283,20
1540576670.553000,18
1540576670.594697,20
1540576670.639975,19
1540576670.662616,19
1540576670.685819,20
1540576670.710662,19
1540576670.733703,20
1540576670.754582,19
1540576670.778959,18
1540576670.799613,19
1540576670.822993,17
1540576670.845657,17
1540576670.866484,15
1540576670.890124,14
1540576670.913096,14
1540576670.934191,13
1540576670.955120,13
1540576670.977941,15
1540576671.001976,15
1540576671.026107,15
1540576671.047031,15
1540576671.069225,15
1540576671.090795,15
1540576671.113594,16
1540576671.137632,15
1540576671.158667,17
1540576671.178677,17
1540576671.203111,16
1540576671.223797,15
1540576671.246109,16
1540576671.266645,16
1540576671.289493,17
1540576671.314502,17
1540576671.335134,16
1540576671.358615,17
1540576671.380572,17
1540576671.401574,16
1540576671.423506,17
1540576671.443700,17
1540576671.464937,16
1540576671.486640,19
1540576671.510324,18
1540576671.535864,18
1540576671.556792,18
1540576671.578205,17
1540576671.600534,18
1540576671.626525,17
1540576671.656333,18
1540576671.686927,18
1540576671.723256,18
1540576671.745427,20
1540576671.766777,19
1540576671.788594,18
1540576671.813389,19
1540576671.835171,18
1540576671.857370,20
1540576671.881568,19
1540576671.903008,20
1540576671.925878,19
1540576671.946454,19
1540576671.967546,20
1540576671.987676,19
1540576672.011642,18
1540576672.034825,20
1540576672.059440,19
1540576672.082399,20
1540576672.103617,19
1540576672.125459,19
1540576672.145976,20
1540576672.169580,19
1540576672.191246,18
1540576672.215022,20
1540576672.236387,19
1540576672.257639,20
1540576672.278971,19
1540576672.300846,18
1540576672.325882,17
1540576672.348999,16
1540576672.371215,15
1540576672.393600,13
1540576672.415220,12
1540576672.438069,15
1540576672.458868,14
1540576672.481568,14
1540576672.503621,15
1540576672.538796,16
1540576672.560550,16
1540576672.583185,15
1540576672.604281,16
1540576672.624704,17
1540576672.649548,15
1540576672.688951,16
1540576672.734686,17
1540576672.757746,16
1540576672.778729,15
1540576672.801728,18
1540576672.822636,17
1540576672.844357,16
1540576672.866832,18
1540576672.889001,17
1540576672.910381,16
1540576672.931377,18
1540576672.952129,18
1540576672.973637,17
1540576672.995405,19
1540576673.018640,18
1540576673.040747,17
1540576673.062640,19
1540576673.085402,18
1540576673.106363,19
1540576673.126831,18
1540576673.167574,17
1540576673.190822,18
1540576673.210849,19
1540576673.234030,20
1540576673.257596,19
1540576673.279365,19
1540576673.303589,19
1540576673.326916,19
1540576673.348407,20
1540576673.369255,19
1540576673.393114,19
1540576673.417296,20
1540576673.438685,19
1540576673.461756,20
1540576673.482707,19
1540576673.504568,19
1540576673.527172,20
1540576673.549651,19
1540576673.571480,18
1540576673.593651,20
1540576673.615882,19
1540576673.641134,20
1540576673.680715,19
1540576673.713280,19
1540576673.742140,19
1540576673.762703,19
1540576673.787802,18
1540576673.809756,17
1540576673.834706,16
1540576673.857607,14
1540576673.877301,13
1540576673.898947,13
1540576673.920879,15
1540576673.946569,15
1540576673.968382,15
1540576673.989927,16
1540576674.013471,16
1540576674.034170,16
1540576674.055122,16
1540576674.077097,15
1540576674.099294,14
1540576674.120094,17
1540576674.142541,16
1540576674.162682,15
1540576674.183586,17
1540576674.206734,16
1540576674.227902,17
1540576674.250210,17
1540576674.272074,18
1540576674.293573,19
1540576674.313642,18
1540576674.337435,17
1540576674.358244,19
1540576674.380836,17
1540576674.403380,17
1540576674.425822,19
1540576674.447077,18
1540576674.466777,18
1540576674.490584,19
1540576674.513749,18
1540576674.534778,17
1540576674.562021,18
1540576674.583056,17
1540576674.606458,18
1540576674.626560,18
1540576674.656694,18
1540576674.699858,19
1540576674.753933,19
1540576674.775499,19
1540576674.798427,20
1540576674.822547,19
1540576674.842754,20
1540576674.866395,19
1540576674.887764,19
1540576674.909792,20
1540576674.930398,19
1540576674.953284,19
1540576674.976845,20
1540576674.999012,19
1540576675.021682,20
1540576675.044698,19
1540576675.074078,20
1540576675.126689,19
1540576675.147667,18
1540576675.169417,20
1540576675.190574,19
1540576675.211643,18
1540576675.237511,18
1540576675.259837,18
1540576675.285721,17
1540576675.306839,16
1540576675.332394,15
1540576675.357771,12
1540576675.380168,13
1540576675.401632,15
1540576675.423117,14
1540576675.445243,15
1540576675.469418,16
1540576675.494677,15
1540576675.515406,16
1540576675.537005,15
1540576675.567281,15
1540576675.588431,16
1540576675.615909,16
1540576675.636503,16
1540576675.664220,16
1540576675.712642,16
1540576675.760162,18
1540576675.784370,17
1540576675.809525,19
1540576675.832586,18
1540576675.855186,19
1540576675.875835,18
1540576675.896166,17
1540576675.921706,19
1540576675.944512,18
1540576675.966262,19
1540576675.989393,19
1540576676.011307,17
1540576676.033784,19
1540576676.057237,18
1540576676.078719,19
1540576676.099449,19
1540576676.121611,18
1540576676.142466,20
1540576676.166245,20
1540576676.191540,20
1540576676.218135,19
1540576676.242521,18
1540576676.264951,19
1540576676.286981,18
1540576676.309845,20
1540576676.330771,19
1540576676.352326,20
1540576676.373614,20
1540576676.394705,19
1540576676.416662,18
1540576676.440332,19
1540576676.462092,19
1540576676.481647,18
1540576676.502503,20
1540576676.527389,19
1540576676.557679,20
1540576676.578787,20
1540576676.600677,20
1540576676.625651,19
1540576676.654672,19
1540576676.681822,19
1540576676.719792,18
1540576676.757621,16
1540576676.783204,16
1540576676.805942,14
1540576676.828021,14
1540576676.849729,13
1540576676.872531,15
1540576676.894915,15
1540576676.915661,14
1540576676.938723,15
1540576676.959366,16
1540576676.980090,16
1540576677.003069,15
1540576677.023595,16
1540576677.048213,15
1540576677.068674,16
1540576677.092982,17
1540576677.114805,16
1540576677.135406,15
1540576677.156873,17
1540576677.178454,16
1540576677.201510,16
1540576677.221532,18
1540576677.243980,17
1540576677.267966,18
1540576677.290204,17
1540576677.310947,17
1540576677.334638,18
1540576677.357718,17
1540576677.378520,16
1540576677.400992,18
1540576677.423014,18
1540576677.443127,19
1540576677.463557,19
1540576677.485746,18
1540576677.507762,19
1540576677.529633,19
1540576677.550659,18
1540576677.584445,18
1540576677.605792,19
1540576677.627457,19
1540576677.650220,19
1540576677.672483,20
1540576677.698665,19
1540576677.738508,20
1540576677.783028,18
1540576677.808741,19
1540576677.829587,18
1540576677.850365,20
1540576677.874458,19
1540576677.895462,20
1540576677.917457,19
1540576677.938591,19
1540576677.961321,18
1540576677.985737,19
1540576678.009683,20
1540576678.074697,19
1540576678.143091,20
1540576678.165792,19
1540576678.189592,19
1540576678.213634,18
1540576678.237582,16
1540576678.258987,15
1540576678.281559,13
1540576678.303404,12
1540576678.325059,13
1540576678.347794,11
1540576678.370838,13
1540576678.392172,13
1540576678.412734,12
1540576678.434664,14
1540576678.461928,14
1540576678.484866,15
1540576678.506587,15
1540576678.527304,16
1540576678.549683,16
1540576678.570806,15
1540576678.594213,16
1540576678.618325,15
1540576678.641576,15
1540576678.662513,16
1540576678.685638,16
1540576678.718758,16
1540576678.761670,18
1540576678.808896,19
1540576678.830820,18
1540576678.853159,18
1540576678.879425,17
1540576678.902056,18
1540576678.922504,17
1540576678.942756,17
1540576678.966604,17
1540576678.988373,18
1540576679.010736,17
1540576679.033725,19
1540576679.054816,18
1540576679.076193,20
1540576679.098949,19
1540576679.119936,19
1540576679.141852,20
1540576679.165464,19
1540576679.187398,18
1540576679.210795,20
1540576679.232115,18
1540576679.254536,17
1540576679.276695,19
1540576679.298868,18
1540576679.322111,19
1540576679.345815,18
1540576679.369230,19
1540576679.390968,17
1540576679.415593,17
1540576679.436116,17
1540576679.456993,15
1540576679.480622,15
1540576679.504043,13
1540576679.527307,12
1540576679.549971,12
1540576679.573258,14
1540576679.593740,13
1540576679.628201,15
1540576679.651487,14
1540576679.674811,14
1540576679.697615,14
1540576679.742770,17
1540576679.792962,17
1540576679.847285,15
1540576679.870563,17
1540576679.895466,16
1540576679.918643,18
1540576679.942953,16
1540576679.966401,15
1540576679.994886,16
1540576680.052022,16
1540576680.088135,16
1540576680.121843,15
1540576680.144688,15
1540576680.166602,17
1540576680.193480,15
1540576680.217440,16
1540576680.238557,15
1540576680.260981,14
1540576680.286275,15
1540576680.309033,14
1540576680.331020,17
1540576680.352317,16
1540576680.377631,17
1540576680.398325,16
1540576680.427255,17
1540576680.448683,15
1540576680.473972,15
1540576680.497199,17
1540576680.525281,18
1540576680.547155,17
1540576680.568238,17
1540576680.590067,17
1540576680.612348,16
1540576680.633822,15
1540576680.662764,15
1540576680.684311,16
1540576680.713893,15
1540576680.753658,16
1540576680.803744,15
1540576680.825705,16
1540576680.846436,17
1540576680.868771,18
1540576680.891804,17
1540576680.914733,18
1540576680.940444,17
1540576680.961718,17
1540576680.984103,15
1540576681.004772,16
1540576681.025555,15
1540576681.048177,17
1540576681.070405,16
1540576681.090496,15
1540576681.114119,16
1540576681.135493,16
1540576681.157122,17
1540576681.178028,16
1540576681.200753,16
1540576681.222459,17
1540576681.245731,16
1540576681.266290,15
1540576681.289860,16
1540576681.310543,16
1540576681.331293,15
1540576681.352745,17
1540576681.377183,16
1540576681.396892,15
1540576681.417242,17
1540576681.439168,16
1540576681.461334,15
1540576681.481630,17
1540576681.506695,16
1540576681.526642,17
1540576681.548854,17
1540576681.571884,17
1540576681.596305,18
1540576681.617806,18
1540576681.640988,19
1540576681.668857,19
1540576681.689323,20
1540576681.720434,17
1540576681.741798,19
1540576681.767007,18
1540576681.813995,17
1540576681.846750,17
1540576681.869137,18
1540576681.894654,17
1540576681.915034,16
1540576681.938585,18
1540576681.960102,17
1540576681.985612,16
1540576682.009591,17
1540576682.033048,18
1540576682.052165,18
1540576682.073093,17
1540576682.093600,16
1540576682.115568,19
1540576682.136313,18
1540576682.157722,17
1540576682.178262,19
1540576682.210939,18
1540576682.233943,18
1540576682.255388,17
1540576682.277191,19
1540576682.297270,18
1540576682.318556,17
1540576682.341737,19
1540576682.362888,18
1540576682.382323,18
1540576682.405484,19
1540576682.425695,18
1540576682.448154,18
1540576682.469654,19
1540576682.492628,18
1540576682.514780,19
1540576682.535968,19
1540576682.557446,18
1540576682.578619,17
1540576682.599676,19
1540576682.619641,18
1540576682.640831,18
1540576682.670703,18
1540576682.694315,20
1540576682.716963,19
1540576682.741528,19
1540576682.768837,19
1540576682.796179,19
1540576682.841289,20
1540576682.869512,18
1540576682.897398,19
1540576682.920579,20
1540576682.941421,19
1540576682.963250,19
1540576682.984299,19
1540576683.005024,18
1540576683.026674,18
1540576683.045592,17
1540576683.069474,16
1540576683.091272,14
1540576683.111347,13
1540576683.134660,12
1540576683.158288,12
1540576683.181356,12
1540576683.207171,13
1540576683.229762,14
1540576683.252261,13
1540576683.274243,13
1540576683.295386,15
1540576683.317571,15
1540576683.342115,14
1540576683.363497,13
1540576683.385662,16
1540576683.406706,15
1540576683.428869,16
1540576683.451095,16
1540576683.474016,15
1540576683.494753,14
1540576683.515167,15
1540576683.537791,16
1540576683.561629,17
1540576683.587656,16
1540576683.609879,17
1540576683.633631,17
1540576683.654943,16
1540576683.676676,18
1540576683.700286,17
1540576683.726732,19
1540576683.747397,19
1540576683.769115,18
1540576683.817456,17
1540576683.857559,18
1540576683.879233,17
1540576683.902514,18
1540576683.923981,17
1540576683.945245,17
1540576683.966847,19
1540576683.991705,18
1540576684.012235,17
1540576684.036873,18
1540576684.058949,17
1540576684.081734,19
1540576684.105722,18
1540576684.126944,19
1540576684.151000,18
1540576684.172703,17
1540576684.195419,19
1540576684.218312,18
1540576684.239055,19
1540576684.261630,18
1540576684.284434,18
1540576684.308669,20
1540576684.330858,19
1540576684.353915,18
1540576684.376782,19
1540576684.398786,18
1540576684.421514,20
1540576684.442775,19
1540576684.467735,20
1540576684.490586,19
1540576684.512457,18
1540576684.537871,19
1540576684.561601,18
1540576684.584797,20
1540576684.607241,19
1540576684.629827,20
1540576684.652135,19
1540576684.674445,19
1540576684.703974,19
1540576684.727636,20
1540576684.749667,19
1540576684.777251,20
1540576684.817084,19
1540576684.852399,19
1540576684.880593,19
1540576684.901848,20
1540576684.926902,19
1540576684.946575,19
1540576684.969688,20
1540576684.994338,19
1540576685.014728,20
1540576685.036123,19
1540576685.057607,19
1540576685.081625,20
1540576685.106243,19
1540576685.132598,20
1540576685.153042,19
1540576685.176995,18
1540576685.197575,19
1540576685.217968,19
1540576685.239723,18
1540576685.262607,19
1540576685.286414,18
1540576685.310300,20
1540576685.330752,19
1540576685.350577,18
1540576685.371334,20
1540576685.394250,19
1540576685.415039,19
1540576685.438198,20
1540576685.461517,19
1540576685.483264,20
1540576685.504614,19
1540576685.526679,19
1540576685.548517,18
1540576685.569405,20
1540576685.592224,19
1540576685.613692,20
1540576685.634715,19
1540576685.656957,19
1540576685.677539,20
1540576685.701289,19
1540576685.731688,19
1540576685.753262,19
1540576685.777359,20
1540576685.799484,19
1540576685.826078,20
1540576685.852447,19
1540576685.896301,20
1540576685.946970,19
1540576685.971045,20
1540576685.996093,19
1540576686.021014,20
1540576686.044653,19
1540576686.066904,20
1540576686.095837,18
1540576686.122543,19
1540576686.144336,18
1540576686.169730,19
1540576686.188687,19
1540576686.209756,18
1540576686.234085,19
1540576686.257277,18
1540576686.278019,20
1540576686.301281,19
1540576686.325993,20
1540576686.347375,19
1540576686.370607,19
1540576686.391739,20
1540576686.413621,19
1540576686.437615,18
1540576686.457936,19
1540576686.480561,19
1540576686.501680,20
1540576686.525993,19
1540576686.545980,19
1540576686.566332,20
1540576686.587822,19
1540576686.607487,19
1540576686.629413,20
1540576686.652423,19
1540576686.673602,19
1540576686.695000,20
1540576686.714688,20
1540576686.737813,19
1540576686.763418,20
1540576686.785166,19
1540576686.812650,19
1540576686.854608,18
1540576686.919974,20
1540576686.983319,17
1540576687.003775,16
1540576687.025721,15
1540576687.047498,14
1540576687.070023,12
1540576687.094514,11
1540576687.115321,13
1540576687.135755,13
1540576687.158618,14
1540576687.180480,14
1540576687.202997,13
1540576687.226348,15
1540576687.249807,15
1540576687.272185,14
1540576687.294641,15
1540576687.337490,15
1540576687.384641,15
1540576687.410811,16
1540576687.434478,15
1540576687.457828,17
1540576687.482273,16
1540576687.508352,17
1540576687.530427,16
1540576687.550559,15
1540576687.571920,17
1540576687.591900,16
1540576687.613375,16
1540576687.634688,18
1540576687.658037,17
1540576687.681190,17
1540576687.703099,18
1540576687.727052,16
1540576687.775110,18
1540576687.807569,18
1540576687.831641,19
1540576687.852312,18
1540576687.877730,19
1540576687.928665,17
1540576687.966910,18
1540576687.989304,19
1540576688.011457,18
1540576688.036343,19
1540576688.060392,19
1540576688.085453,17
1540576688.108594,18
1540576688.129587,18
1540576688.152104,17
1540576688.175369,18
1540576688.197325,17
1540576688.219822,18
1540576688.243727,17
1540576688.266549,20
1540576688.307009,19
1540576688.355246,19
1540576688.380977,20
1540576688.403466,19
1540576688.424291,18
1540576688.447195,19
1540576688.467406,19
1540576688.488245,18
1540576688.511691,19
1540576688.533106,19
1540576688.553998,20
1540576688.574663,20
1540576688.597283,19
1540576688.621707,20
1540576688.642595,19
1540576688.664446,18
1540576688.685037,20
1540576688.706400,19
1540576688.750230,18
1540576688.779102,19
1540576688.804215,20
1540576688.846397,18
1540576688.894147,18
1540576688.940615,18
1540576688.990610,19
1540576689.013608,20
1540576689.035508,19
1540576689.057341,20
1540576689.081608,20
1540576689.102512,19
1540576689.126107,20
1540576689.150962,19
1540576689.173082,20
1540576689.197302,19
1540576689.219361,20
1540576689.241606,19
1540576689.263413,19
1540576689.285695,20
1540576689.305879,19
1540576689.326781,19
1540576689.348593,20
1540576689.372097,19
1540576689.393466,19
1540576689.433506,18
1540576689.472857,19
1540576689.495156,20
1540576689.517394,20
1540576689.539676,18
1540576689.562975,20
1540576689.588103,19
1540576689.610752,20
1540576689.633582,19
1540576689.656935,18
1540576689.678747,19
1540576689.701121,18
1540576689.721681,20
1540576689.744292,19
1540576689.770675,19
1540576689.790753,19
1540576689.812342,19
1540576689.836495,20
1540576689.858622,19
1540576689.889894,19
1540576689.928387,19
1540576689.967942,20
1540576689.991208,19
1540576690.033033,18
1540576690.070632,19
1540576690.095943,20
1540576690.122489,18
1540576690.144861,20
1540576690.167531,19
1540576690.190634,20
1540576690.211911,19
1540576690.234578,19
1540576690.261020,19
1540576690.284240,18
1540576690.305792,20
1540576690.336417,19
1540576690.362651,19
1540576690.383637,20
1540576690.405775,19
1540576690.427222,19
1540576690.447823,20
1540576690.468764,19
1540576690.490637,19
1540576690.514465,20
1540576690.539437,19
1540576690.564578,20
1540576690.586688,19
1540576690.657084,19
1540576690.683368,19
1540576690.704812,20
1540576690.726508,19
1540576690.746620,19
1540576690.772126,20
1540576690.799750,19
1540576690.822806,20
1540576690.843052,19
1540576690.862800,19
1540576690.889622,20
1540576690.942287,19
1540576690.971342,19
1540576690.992467,19
1540576691.017844,19
1540576691.039398,19
1540576691.061677,20
1540576691.083880,19
1540576691.105625,18
1540576691.130809,19
1540576691.152278,19
1540576691.173366,20
1540576691.194612,18
1540576691.231918,17
1540576691.275625,16
1540576691.297058,15
1540576691.317687,13
1540576691.344718,14
1540576691.366088,14
1540576691.389630,14
1540576691.410824,15
1540576691.436035,16
1540576691.459267,16
1540576691.480313,15
1540576691.502708,14
1540576691.523344,16
1540576691.545261,16
1540576691.566338,15
1540576691.589936,17
1540576691.611480,16
1540576691.633372,17
1540576691.658555,16
1540576691.681006,15
1540576691.702653,18
1540576691.725775,17
1540576691.746712,16
1540576691.766917,18
1540576691.798521,18
1540576691.836883,17
1540576691.871064,18
1540576691.897746,18
1540576691.929212,18
1540576691.961755,19
1540576691.994127,19
1540576692.018623,18
1540576692.044000,18
1540576692.066920,17
1540576692.089760,19
1540576692.111525,19
1540576692.131300,18
1540576692.152380,20
1540576692.172237,19
1540576692.195281,19
1540576692.220257,20
1540576692.243714,19
1540576692.266871,18
1540576692.287912,19
1540576692.310747,18
1540576692.332866,20
1540576692.357058,19
1540576692.378844,20
1540576692.412723,19
1540576692.446843,19
1540576692.481963,19
1540576692.503235,19
1540576692.526768,20
1540576692.549648,19
1540576692.571002,20
1540576692.590761,20
1540576692.615404,19
1540576692.637783,20
1540576692.659721,19
1540576692.682644,17
1540576692.703062,17
1540576692.725469,15
1540576692.747182,14
1540576692.770582,13
1540576692.793090,13
1540576692.827445,15
1540576692.850243,14
1540576692.871662,15
1540576692.894640,16
1540576692.916575,15
1540576692.945793,15
1540576692.989628,16
1540576693.037681,17
1540576693.095566,16
1540576693.117021,16
1540576693.137776,16
1540576693.159236,15
1540576693.180652,18
1540576693.203442,17
1540576693.225592,18
1540576693.247403,17
1540576693.268629,17
1540576693.289105,18
1540576693.313709,17
1540576693.335444,17
1540576693.357154,19
1540576693.378830,18
1540576693.401067,17
1540576693.423223,18
1540576693.444189,18
1540576693.464943,17
1540576693.489606,18
1540576693.517939,17
1540576693.543379,18
1540576693.563363,20
1540576693.586303,19
1540576693.619946,19
1540576693.654146,19
1540576693.682568,20
1540576693.706966,19
1540576693.729839,20
1540576693.756764,20
1540576693.777604,20
1540576693.803111,18
1540576693.827061,20
1540576693.858696,20
1540576693.880946,19
1540576693.909722,19
1540576693.951026,20
1540576693.997143,19
1540576694.018889,20
1540576694.041610,19
1540576694.066729,20
1540576694.086756,19
1540576694.109253,19
1540576694.134050,19
1540576694.157838,18
1540576694.184097,17
1540576694.212417,16
1540576694.243823,14
1540576694.277028,13
1540576694.300858,14
1540576694.321070,14
1540576694.343903,14
1540576694.365837,16
1540576694.388516,16
1540576694.411314,16
1540576694.432260,16
1540576694.453179,15
1540576694.477031,14
1540576694.500341,16
1540576694.522502,15
1540576694.545654,17
1540576694.566125,16
1540576694.586715,15
1540576694.607436,17
1540576694.628330,16
1540576694.648824,17
1540576694.670511,18
1540576694.692220,17
1540576694.714255,17
1540576694.738054,18
1540576694.759732,17
1540576694.784856,18
1540576694.805845,18
1540576694.847391,19
1540576694.885766,19
1540576694.906875,19
1540576694.930583,18
1540576694.959637,19
1540576694.995159,17
1540576695.030824,19
1540576695.054970,18
1540576695.077653,20
1540576695.103405,19
1540576695.130690,19
1540576695.151478,19
1540576695.173890,20
1540576695.194638,19
1540576695.214552,19
1540576695.239721,20
1540576695.265972,18
1540576695.294149,19
1540576695.313613,19
1540576695.337667,20
1540576695.361442,19
1540576695.382407,20
1540576695.403988,19
1540576695.445182,18
1540576695.481669,20
1540576695.505709,19
1540576695.526439,20
1540576695.548640,20
1540576695.570618,19
1540576695.593677,19
1540576695.614760,18
1540576695.636004,17
1540576695.655378,16
1540576695.676936,15
1540576695.698091,15
1540576695.720108,13
1540576695.743126,12
1540576695.767411,14
1540576695.790066,14
1540576695.810671,15
1540576695.831135,15
1540576695.853340,16
1540576695.882735,15
1540576695.905837,16
1540576695.926815,15
1540576695.948240,16
1540576695.973994,16
1540576696.003082,15
1540576696.040196,17
1540576696.109575,18
1540576696.150395,18
1540576696.172959,17
1540576696.194890,17
1540576696.216899,18
1540576696.237768,17
1540576696.261491,17
1540576696.283050,18
1540576696.305490,18
1540576696.326218,19
1540576696.346902,18
1540576696.373074,18
1540576696.395461,18
1540576696.417082,18
1540576696.437601,17
1540576696.458613,19
1540576696.482651,18
1540576696.506235,20
1540576696.527620,19
1540576696.548321,19
1540576696.588309,20
1540576696.623461,19
1540576696.669221,20
1540576696.707439,19
1540576696.753689,17
1540576696.799409,18
1540576696.858557,16
1540576696.904670,14
1540576696.929948,12
1540576696.964796,13
1540576697.006017,14
1540576697.049549,16
1540576697.072101,18
1540576697.093930,17
1540576697.116303,17
1540576697.155802,19
1540576697.219984,19
1540576697.253316,19
1540576697.285034,19
1540576697.309493,20
1540576697.331331,20
1540576697.357302,19
1540576697.378424,20
1540576697.402126,19
1540576697.425060,20
1540576697.446418,19
1540576697.471340,19
1540576697.495618,19
1540576697.537735,20
1540576697.581902,18
1540576697.605756,20
1540576697.627104,18
1540576697.649885,18
1540576697.670620,19
1540576697.696440,18
1540576697.715920,17
1540576697.739623,16
1540576697.767081,14
1540576697.827300,14
1540576697.908590,17
1540576697.962601,18
1540576697.992588,16
1540576698.024363,18
1540576698.091711,18
1540576698.150585,18
1540576698.215178,18
1540576698.266341,20
1540576698.302529,20
1540576698.346073,19
1540576698.387762,20
1540576698.432312,18
1540576698.470083,18
1540576698.494685,19
1540576698.522343,19
1540576698.544595,19
1540576698.569667,18
1540576698.593618,18
1540576698.617238,18
1540576698.641594,17
1540576698.667044,18
1540576698.688676,17
1540576698.711089,18
1540576698.731623,18
1540576698.751954,17
1540576698.773784,17
1540576698.807661,16
1540576698.846985,17
1540576698.872999,17
1540576698.893320,17
1540576698.917323,19
1540576698.942393,19
1540576698.964424,20
1540576699.018420,18
1540576699.053781,19
1540576699.096254,19
1540576699.131288,19
1540576699.164138,18
1540576699.186635,19
1540576699.209547,19
1540576699.237420,18
1540576699.259659,17
1540576699.282827,18
1540576699.304107,16
1540576699.327277,15
1540576699.348034,14
1540576699.370471,14
1540576699.394830,12
1540576699.417881,13
1540576699.460839,15
1540576699.492546,15
1540576699.513742,16
1540576699.538456,17
1540576699.560329,16
1540576699.597068,17
1540576699.653483,17
1540576699.685199,17
1540576699.717661,17
1540576699.738735,18
1540576699.761749,18
1540576699.783593,17
1540576699.806066,18
1540576699.827878,19
1540576699.850072,18
1540576699.876105,19
1540576699.897231,18
1540576699.917611,18
1540576699.974512,19
1540576700.020259,18
1540576700.061107,20
1540576700.101017,19
1540576700.128514,19
1540576700.147621,18
1540576700.194732,19
1540576700.256503,18
1540576700.304746,17
1540576700.329904,19
1540576700.352081,18
1540576700.373305,17
1540576700.393797,16
1540576700.420544,14
1540576700.455227,17
1540576700.496192,16
1540576700.519689,17
1540576700.544903,19
1540576700.567341,17
1540576700.591320,18
1540576700.615331,19
1540576700.661478,18
1540576700.698035,15
1540576700.721184,14
1540576700.742086,13
1540576700.764699,12
1540576700.826981,14
1540576700.872383,13
1540576700.901669,13
1540576700.929255,13
1540576700.960925,13
1540576700.982617,12
1540576701.003567,11
1540576701.028366,12
1540576701.057857,12
1540576701.102867,10
1540576701.144261,11
1540576701.164979,10
1540576701.193824,11
1540576701.217760,12
1540576701.241962,11
1540576701.263432,12
1540576701.284844,13
1540576701.305937,12
1540576701.327475,11
1540576701.350430,13
1540576701.372410,12
1540576701.408033,11
1540576701.450885,12
1540576701.474985,13
1540576701.499853,12
1540576701.522682,13
1540576701.542800,13
1540576701.567171,12
1540576701.589760,13
1540576701.613794,12
1540576701.638791,13
1540576701.662932,12
1540576701.686347,13
1540576701.708797,13
1540576701.729771,12
1540576701.752045,14
1540576701.774107,13
1540576701.795861,12
1540576701.818343,14
1540576701.838979,13
1540576701.860354,14
1540576701.881839,14
1540576701.902866,13
1540576701.926453,14
1540576701.965183,13
1540576702.021488,13
1540576702.069076,13
1540576702.106891,14
1540576702.139643,13
1540576702.201596,14
1540576702.284721,13
1540576702.341316,14
1540576702.375678,13
1540576702.426735,14
1540576702.456201,14
1540576702.477207,15
1540576702.503046,14
1540576702.525647,15
1540576702.547089,14
1540576702.566659,14
1540576702.625314,16
1540576702.683833,14
1540576702.727302,15
1540576702.764437,14
1540576702.798384,16
1540576702.847050,16
1540576702.888567,15
1540576702.922285,15
1540576702.967619,15
1540576703.019891,15
1540576703.072166,14
1540576703.104028,16
1540576703.137869,17
1540576703.180689,16
1540576703.211771,16
1540576703.233539,15
1540576703.268705,17
1540576703.321079,16
1540576703.344032,15
1540576703.367376,17
1540576703.389673,16
1540576703.409959,15
1540576703.430622,17
1540576703.451198,16
1540576703.472423,16
1540576703.494611,17
1540576703.519517,16
1540576703.541480,17
1540576703.564115,16
1540576703.586690,15
1540576703.606531,17
1540576703.627240,16
1540576703.648806,16
1540576703.669678,16
1540576703.690501,18
1540576703.713657,17
1540576703.734790,16
1540576703.769827,16
1540576703.812780,17
1540576703.834643,18
1540576703.858531,17
1540576703.881804,18
1540576703.905791,17
1540576703.927540,16
1540576703.951309,17
1540576703.972276,17
1540576704.002081,17
1540576704.027366,18
1540576704.056633,16
1540576704.094188,18
1540576704.150160,17
1540576704.170534,18
1540576704.191792,18
1540576704.212409,17
1540576704.233321,17
1540576704.261776,18
1540576704.283138,17
1540576704.305446,19
1540576704.345140,18
1540576704.397063,18
1540576704.418572,18
1540576704.439773,18
1540576704.466312,19
1540576704.487983,18
1540576704.513755,19
1540576704.535579,18
1540576704.559815,20
1540576704.581617,19
1540576704.606286,19
1540576704.639298,19
1540576704.682490,19
1540576704.706787,20
1540576704.729485,19
1540576704.751222,20
1540576704.772975,19
1540576704.799038,18
1540576704.821826,20
1540576704.843310,19
1540576704.865808,20
1540576704.887994,19
1540576704.910471,18
1540576704.934606,19
1540576704.957974,18
1540576704.981362,17
1540576705.006640,16
1540576705.028497,15
1540576705.050497,14
1540576705.072597,13
1540576705.104152,13
1540576705.144692,14
1540576705.192815,15
1540576705.234379,16
1540576705.278033,16
1540576705.302535,16
1540576705.324732,15
1540576705.345528,17
1540576705.369629,16
1540576705.391423,18
1540576705.413678,17
1540576705.436138,17
1540576705.459647,17
1540576705.483142,17
1540576705.506717,18
1540576705.529568,17
1540576705.551298,16
1540576705.573946,18
1540576705.595270,18
1540576705.617567,19
1540576705.642924,18
1540576705.664833,17
1540576705.687746,18
1540576705.709525,18
1540576705.734136,19
1540576705.757644,19
1540576705.789090,19
1540576705.841978,19
1540576705.864698,19
1540576705.887775,18
1540576705.911801,19
1540576705.933606,19
1540576705.954839,20
1540576705.977169,19
1540576706.010634,19
1540576706.033621,19
1540576706.055842,20
1540576706.077438,19
1540576706.103280,20
1540576706.127186,19
1540576706.160683,18
1540576706.219181,16
1540576706.249576,14
1540576706.287371,14
1540576706.314612,15
1540576706.336838,15
1540576706.357677,14
1540576706.380062,16
1540576706.401469,16
1540576706.421608,15
1540576706.445478,14
1540576706.466584,16
1540576706.490583,15
1540576706.511820,16
1540576706.534842,15
1540576706.558440,14
1540576706.581686,16
1540576706.604070,15
1540576706.627075,14
1540576706.649712,16
1540576706.671399,15
1540576706.702987,16
1540576706.750195,16
1540576706.790413,16
1540576706.875243,16
1540576706.925580,16
1540576706.954661,17
1540576706.987575,17
1540576707.020241,16
1540576707.043355,15
1540576707.070503,16
1540576707.094304,17
1540576707.121460,16
1540576707.168042,16
1540576707.217827,16
1540576707.251412,15
1540576707.273651,17
1540576707.297930,16
1540576707.321507,15
1540576707.345658,16
1540576707.368216,15
1540576707.394717,16
1540576707.415427,15
1540576707.436300,17
1540576707.457294,16
1540576707.477985,16
1540576707.497998,17
1540576707.522901,16
1540576707.544751,15
1540576707.567300,16
1540576707.592438,15
1540576707.613073,17
1540576707.636426,16
1540576707.655972,15
1540576707.677288,17
1540576707.702412,16
1540576707.725537,17
1540576707.746033,16
1540576707.772797,15
1540576707.794705,17
1540576707.814180,17
1540576707.839662,18
1540576707.881821,17
1540576707.920018,18
1540576707.945831,17
1540576707.967576,16
1540576707.990003,17
