1535660452,s1,0.00,0.00,0.00,0,0,0.00,0.00,0.00,0,0,0.00,0.00,0,0
1535660452,eth0,0.00,0.00,0.00,0,0,0.00,0.00,0.00,0,0,0.00,0.00,0,0
1535660452,eth1,0.00,0.00,0.00,0,0,0.00,0.00,0.00,0,0,0.00,0.00,0,0
1535660452,s2,0.00,0.00,0.00,0,0,0.00,0.00,0.00,0,0,0.00,0.00,0,0
1535660452,s1-eth2,0.00,0.00,0.00,0,0,0.00,0.00,0.00,0,0,0.00,0.00,0,0
1535660452,s1-eth1,0.00,0.00,0.00,0,0,0.00,0.00,0.00,0,0,0.00,0.00,0,0
1535660452,s3,0.00,0.00,0.00,0,0,0.00,0.00,0.00,0,0,0.00,0.00,0,0
1535660452,s2-eth2,0.00,0.00,0.00,0,0,0.00,0.00,0.00,0,0,0.00,0.00,0,0
1535660452,s2-eth1,0.00,0.00,0.00,0,0,0.00,0.00,0.00,0,0,0.00,0.00,0,0
1535660452,lo,0.00,0.00,0.00,0,0,0.00,0.00,0.00,0,0,0.00,0.00,0,0
1535660452,s3-eth2,0.00,0.00,0.00,0,0,0.00,0.00,0.00,0,0,0.00,0.00,0,0
1535660452,s3-eth1,0.00,0.00,0.00,0,0,0.00,0.00,0.00,0,0,0.00,0.00,0,0
1535660452,total,0.00,0.00,0.00,0,0,0.00,0.00,0.00,0,0,0.00,0.00,0,0
1535660453,s1,90.00,772.00,862.00,772,90,1.00,6.00,7.00,6,1,0.00,0.00,0,0
1535660453,eth0,152.00,677.00,829.00,677,152,2.00,2.00,4.00,2,2,0.00,0.00,0,0
1535660453,eth1,0.00,0.00,0.00,0,0,0.00,0.00,0.00,0,0,0.00,0.00,0,0
1535660453,s2,250.00,270.00,520.00,270,250,3.00,3.00,6.00,3,3,0.00,0.00,0,0
1535660453,s1-eth2,102728.00,4224832.00,4327560.00,4224832,102728,1388.00,2796.00,4184.00,2796,1388,0.00,0.00,0,0
1535660453,s1-eth1,4216180.00,102860.00,4319040.00,102860,4216180,2792.00,1390.00,4182.00,1390,2792,0.00,0.00,0,0
1535660453,s3,90.00,430.00,520.00,430,90,1.00,5.00,6.00,5,1,0.00,0.00,0,0
1535660453,s2-eth2,102386.00,4219698.00,4322084.00,4219698,102386,1383.00,2789.00,4172.00,2789,1383,0.00,0.00,0,0
1535660453,s2-eth1,4224832.00,102728.00,4327560.00,102728,4224832,2796.00,1388.00,4184.00,1388,2796,0.00,0.00,0,0
1535660453,lo,6223.00,6223.00,12446.00,6223,6223,61.00,61.00,122.00,61,61,0.00,0.00,0,0
1535660453,s3-eth2,102982.00,4222636.00,4325618.00,4222636,102982,1387.00,2790.00,4177.00,2790,1387,0.00,0.00,0,0
1535660453,s3-eth1,4219698.00,102386.00,4322084.00,102386,4219698,2789.00,1383.00,4172.00,1383,2789,0.00,0.00,0,0
1535660453,total,12975611.00,12983512.00,25959124.00,12983512,12975611,12603.00,12613.00,25216.00,12613,12603,0.00,0.00,0,0
1535660454,s1,0.00,341.66,341.66,342,0,0.00,1.00,1.00,1,0,0.00,0.00,0,0
1535660454,eth0,151.85,676.32,828.17,677,152,2.00,2.00,4.00,2,2,0.00,0.00,0,0
1535660454,eth1,0.00,0.00,0.00,0,0,0.00,0.00,0.00,0,0,0.00,0.00,0,0
1535660454,s2,0.00,683.32,683.32,684,0,0.00,2.00,2.00,2,0,0.00,0.00,0,0
1535660454,s1-eth2,115592.41,4728378.00,4843970.00,4733106,115708,1558.44,3123.88,4682.32,3127,1560,0.00,0.00,0,0
1535660454,s1-eth1,4726865.50,115472.53,4842338.00,115588,4731592,3122.88,1560.44,4683.32,1562,3126,0.00,0.00,0,0
1535660454,s3,0.00,683.32,683.32,684,0,0.00,2.00,2.00,2,0,0.00,0.00,0,0
1535660454,s2-eth2,115712.29,4734427.50,4850140.00,4739162,115828,1556.44,3127.87,4684.32,3131,1558,0.00,0.00,0,0
1535660454,s2-eth1,4728378.00,115592.41,4843970.00,115708,4733106,3123.88,1558.44,4682.32,1560,3127,0.00,0.00,0,0
1535660454,lo,2400.60,2400.60,4801.20,2403,2403,18.98,18.98,37.96,19,19,0.00,0.00,0,0
1535660454,s3-eth2,115786.22,4737111.00,4852897.00,4741848,115902,1557.44,3128.87,4686.31,3132,1559,0.00,0.00,0,0
1535660454,s3-eth1,4734427.50,115712.29,4850140.00,115828,4739162,3127.87,1556.44,4684.32,1558,3131,0.00,0.00,0,0
1535660454,total,14539314.00,14551479.00,29090794.00,14566030,14553853,14067.93,14081.92,28149.85,14096,14082,0.00,0.00,0,0
1535660455,s1,0.00,70.00,70.00,70,0,0.00,1.00,1.00,1,0,0.00,0.00,0,0
1535660455,eth0,60.00,60.00,120.00,60,60,1.00,1.00,2.00,1,1,0.00,0.00,0,0
1535660455,eth1,0.00,0.00,0.00,0,0,0.00,0.00,0.00,0,0,0.00,0.00,0,0
1535660455,s2,0.00,140.00,140.00,140,0,0.00,2.00,2.00,2,0,0.00,0.00,0,0
1535660455,s1-eth2,123054.00,5046162.00,5169216.00,5046162,123054,1663.00,3333.00,4996.00,3333,1663,0.00,0.00,0,0
1535660455,s1-eth1,5043204.00,123132.00,5166336.00,123132,5043204,3332.00,1664.00,4996.00,1664,3332,0.00,0.00,0,0
1535660455,s3,0.00,140.00,140.00,140,0,0.00,2.00,2.00,2,0,0.00,0.00,0,0
1535660455,s2-eth2,123054.00,5043134.00,5166188.00,5043134,123054,1663.00,3331.00,4994.00,3331,1663,0.00,0.00,0,0
1535660455,s2-eth1,5046162.00,123054.00,5169216.00,123054,5046162,3333.00,1663.00,4996.00,1663,3333,0.00,0.00,0,0
1535660455,lo,1340.00,1340.00,2680.00,1340,1340,15.00,15.00,30.00,15,15,0.00,0.00,0,0
1535660455,s3-eth2,122832.00,5044648.00,5167480.00,5044648,122832,1660.00,3332.00,4992.00,3332,1660,0.00,0.00,0,0
1535660455,s3-eth1,5043134.00,123054.00,5166188.00,123054,5043134,3331.00,1663.00,4994.00,1663,3331,0.00,0.00,0,0
1535660455,total,15502840.00,15504934.00,31007774.00,15504934,15502840,14998.00,15007.00,30005.00,15007,14998,0.00,0.00,0,0
1535660456,s1,70.00,622.00,692.00,622,70,1.00,5.00,6.00,5,1,0.00,0.00,0,0
1535660456,eth0,0.00,0.00,0.00,0,0,0.00,0.00,0.00,0,0,0.00,0.00,0,0
1535660456,eth1,0.00,0.00,0.00,0,0,0.00,0.00,0.00,0,0,0.00,0.00,0,0
1535660456,s2,0.00,622.00,622.00,622,0,0.00,5.00,5.00,5,0,0.00,0.00,0,0
1535660456,s1-eth2,128802.00,5255716.00,5384518.00,5255716,128802,1737.00,3476.00,5213.00,3476,1737,0.00,0.00,0,0
1535660456,s1-eth1,5256128.00,128316.00,5384444.00,128316,5256128,3478.00,1734.00,5212.00,1734,3478,0.00,0.00,0,0
1535660456,s3,70.00,552.00,622.00,552,70,1.00,4.00,5.00,4,1,0.00,0.00,0,0
1535660456,s2-eth2,128724.00,5261360.00,5390084.00,5261360,128724,1736.00,3478.00,5214.00,3478,1736,0.00,0.00,0,0
1535660456,s2-eth1,5255716.00,128802.00,5384518.00,128802,5255716,3476.00,1737.00,5213.00,1737,3476,0.00,0.00,0,0
1535660456,lo,4462.00,4462.00,8924.00,4462,4462,48.00,48.00,96.00,48,48,0.00,0.00,0,0
1535660456,s3-eth2,128938.00,5259706.00,5388644.00,5259706,128938,1739.00,3475.00,5214.00,3475,1739,0.00,0.00,0,0
1535660456,s3-eth1,5261360.00,128724.00,5390084.00,128724,5261360,3478.00,1736.00,5214.00,1736,3478,0.00,0.00,0,0
1535660456,total,16164270.00,16168882.00,32333152.00,16168882,16164270,15694.00,15698.00,31392.00,15698,15694,0.00,0.00,0,0
1535660457,s1,0.00,70.00,70.00,70,0,0.00,1.00,1.00,1,0,0.00,0.00,0,0
1535660457,eth0,0.00,0.00,0.00,0,0,0.00,0.00,0.00,0,0,0.00,0.00,0,0
1535660457,eth1,0.00,0.00,0.00,0,0,0.00,0.00,0.00,0,0,0.00,0.00,0,0
1535660457,s2,70.00,0.00,70.00,0,70,1.00,0.00,1.00,0,1,0.00,0.00,0,0
1535660457,s1-eth2,129204.00,5300584.00,5429788.00,5300584,129204,1746.00,3502.00,5248.00,3502,1746,0.00,0.00,0,0
1535660457,s1-eth1,5291500.00,129278.00,5420778.00,129278,5291500,3496.00,1747.00,5243.00,1747,3496,0.00,0.00,0,0
1535660457,s3,0.00,412.00,412.00,412,0,0.00,2.00,2.00,2,0,0.00,0.00,0,0
1535660457,s2-eth2,130282.00,5300514.00,5430796.00,5300514,130282,1757.00,3501.00,5258.00,3501,1757,0.00,0.00,0,0
1535660457,s2-eth1,5300584.00,129204.00,5429788.00,129204,5300584,3502.00,1746.00,5248.00,1746,3502,0.00,0.00,0,0
1535660457,lo,1130.00,1130.00,2260.00,1130,1130,12.00,12.00,24.00,12,12,0.00,0.00,0,0
1535660457,s3-eth2,130430.00,5312626.00,5443056.00,5312626,130430,1759.00,3509.00,5268.00,3509,1759,0.00,0.00,0,0
1535660457,s3-eth1,5300514.00,130282.00,5430796.00,130282,5300514,3501.00,1757.00,5258.00,1757,3501,0.00,0.00,0,0
1535660457,total,16283714.00,16304100.00,32587814.00,16304100,16283714,15774.00,15777.00,31551.00,15777,15774,0.00,0.00,0,0
1535660458,s1,0.00,0.00,0.00,0,0,0.00,0.00,0.00,0,0,0.00,0.00,0,0
1535660458,eth0,0.00,0.00,0.00,0,0,0.00,0.00,0.00,0,0,0.00,0.00,0,0
1535660458,eth1,0.00,0.00,0.00,0,0,0.00,0.00,0.00,0,0,0.00,0.00,0,0
1535660458,s2,0.00,0.00,0.00,0,0,0.00,0.00,0.00,0,0,0.00,0.00,0,0
1535660458,s1-eth2,131128.00,5350476.00,5481604.00,5350476,131128,1772.00,3534.00,5306.00,3534,1772,0.00,0.00,0,0
1535660458,s1-eth1,5345934.00,131054.00,5476988.00,131054,5345934,3531.00,1771.00,5302.00,1771,3531,0.00,0.00,0,0
1535660458,s3,0.00,0.00,0.00,0,0,0.00,0.00,0.00,0,0,0.00,0.00,0,0
1535660458,s2-eth2,130758.00,5345934.00,5476692.00,5345934,130758,1767.00,3531.00,5298.00,3531,1767,0.00,0.00,0,0
1535660458,s2-eth1,5350476.00,131128.00,5481604.00,131128,5350476,3534.00,1772.00,5306.00,1772,3534,0.00,0.00,0,0
1535660458,lo,0.00,0.00,0.00,0,0,0.00,0.00,0.00,0,0,0.00,0.00,0,0
1535660458,s3-eth2,130684.00,5344420.00,5475104.00,5344420,130684,1766.00,3530.00,5296.00,3530,1766,0.00,0.00,0,0
1535660458,s3-eth1,5345934.00,130758.00,5476692.00,130758,5345934,3531.00,1767.00,5298.00,1767,3531,0.00,0.00,0,0
1535660458,total,16434914.00,16433770.00,32868684.00,16433770,16434914,15901.00,15905.00,31806.00,15905,15901,0.00,0.00,0,0
1535660459,s1,0.00,70.00,70.00,70,0,0.00,1.00,1.00,1,0,0.00,0.00,0,0
1535660459,eth0,0.00,0.00,0.00,0,0,0.00,0.00,0.00,0,0,0.00,0.00,0,0
1535660459,eth1,0.00,86.00,86.00,86,0,0.00,1.00,1.00,1,0,0.00,0.00,0,0
1535660459,s2,0.00,140.00,140.00,140,0,0.00,2.00,2.00,2,0,0.00,0.00,0,0
1535660459,s1-eth2,130898.00,5353504.00,5484402.00,5353504,130898,1769.00,3536.00,5305.00,3536,1769,0.00,0.00,0,0
1535660459,s1-eth1,5361144.00,130754.00,5491898.00,130754,5361144,3542.00,1767.00,5309.00,1767,3542,0.00,0.00,0,0
1535660459,s3,0.00,140.00,140.00,140,0,0.00,2.00,2.00,2,0,0.00,0.00,0,0
1535660459,s2-eth2,130750.00,5358046.00,5488796.00,5358046,130750,1767.00,3539.00,5306.00,3539,1767,0.00,0.00,0,0
1535660459,s2-eth1,5353504.00,130898.00,5484402.00,130898,5353504,3536.00,1769.00,5305.00,1769,3536,0.00,0.00,0,0
1535660459,lo,1340.00,1340.00,2680.00,1340,1340,15.00,15.00,30.00,15,15,0.00,0.00,0,0
1535660459,s3-eth2,130874.00,5347448.00,5478322.00,5347448,130874,1765.00,3532.00,5297.00,3532,1765,0.00,0.00,0,0
1535660459,s3-eth1,5358046.00,130750.00,5488796.00,130750,5358046,3539.00,1767.00,5306.00,1767,3539,0.00,0.00,0,0
1535660459,total,16466556.00,16453176.00,32919732.00,16453176,16466556,15933.00,15931.00,31864.00,15931,15933,0.00,0.00,0,0
1535660460,s1,70.00,280.00,350.00,280,70,1.00,4.00,5.00,4,1,0.00,0.00,0,0
1535660460,eth0,0.00,0.00,0.00,0,0,0.00,0.00,0.00,0,0,0.00,0.00,0,0
1535660460,eth1,0.00,0.00,0.00,0,0,0.00,0.00,0.00,0,0,0.00,0.00,0,0
1535660460,s2,0.00,280.00,280.00,280,0,0.00,4.00,4.00,4,0,0.00,0.00,0,0
1535660460,s1-eth2,131938.00,5402232.00,5534170.00,5402232,131938,1783.00,3572.00,5355.00,3572,1783,0.00,0.00,0,0
1535660460,s1-eth1,5403816.00,131868.00,5535684.00,131868,5403816,3574.00,1782.00,5356.00,1782,3574,0.00,0.00,0,0
1535660460,s3,70.00,552.00,622.00,552,70,1.00,4.00,5.00,4,1,0.00,0.00,0,0
1535660460,s2-eth2,132424.00,5403676.00,5536100.00,5403676,132424,1786.00,3572.00,5358.00,3572,1786,0.00,0.00,0,0
1535660460,s2-eth1,5402232.00,131938.00,5534170.00,131938,5402232,3572.00,1783.00,5355.00,1783,3572,0.00,0.00,0,0
1535660460,lo,3810.00,3810.00,7620.00,3810,3810,42.00,42.00,84.00,42,42,0.00,0.00,0,0
1535660460,s3-eth2,132782.00,5415648.00,5548430.00,5415648,132782,1791.00,3578.00,5369.00,3578,1791,0.00,0.00,0,0
1535660460,s3-eth1,5403676.00,132424.00,5536100.00,132424,5403676,3572.00,1786.00,5358.00,1786,3572,0.00,0.00,0,0
1535660460,total,16610818.00,16622708.00,33233526.00,16622708,16610818,16122.00,16127.00,32249.00,16127,16122,0.00,0.00,0,0
1535660461,s1,0.00,412.00,412.00,412,0,0.00,2.00,2.00,2,0,0.00,0.00,0,0
1535660461,eth0,0.00,0.00,0.00,0,0,0.00,0.00,0.00,0,0,0.00,0.00,0,0
1535660461,eth1,0.00,0.00,0.00,0,0,0.00,0.00,0.00,0,0,0.00,0.00,0,0
1535660461,s2,70.00,342.00,412.00,342,70,1.00,1.00,2.00,1,1,0.00,0.00,0,0
1535660461,s1-eth2,135864.00,5561334.00,5697198.00,5561334,135864,1836.00,3675.00,5511.00,3675,1836,0.00,0.00,0,0
1535660461,s1-eth1,5551078.00,136012.00,5687090.00,136012,5551078,3669.00,1838.00,5507.00,1838,3669,0.00,0.00,0,0
1535660461,s3,0.00,70.00,70.00,70,0,0.00,1.00,1.00,1,0,0.00,0.00,0,0
1535660461,s2-eth2,135786.00,5555208.00,5690994.00,5555208,135786,1835.00,3670.00,5505.00,3670,1835,0.00,0.00,0,0
1535660461,s2-eth1,5561334.00,135864.00,5697198.00,135864,5561334,3675.00,1836.00,5511.00,1836,3675,0.00,0.00,0,0
1535660461,lo,1456.00,1456.00,2912.00,1456,1456,15.00,15.00,30.00,15,15,0.00,0.00,0,0
1535660461,s3-eth2,135712.00,5557894.00,5693606.00,5557894,135712,1834.00,3671.00,5505.00,3671,1834,0.00,0.00,0,0
1535660461,s3-eth1,5555208.00,135786.00,5690994.00,135786,5555208,3670.00,1835.00,5505.00,1835,3670,0.00,0.00,0,0
1535660461,total,17076508.00,17084378.00,34160888.00,17084378,17076508,16535.00,16544.00,33079.00,16544,16535,0.00,0.00,0,0
1535660462,s1,0.00,0.00,0.00,0,0,0.00,0.00,0.00,0,0,0.00,0.00,0,0
1535660462,eth0,0.00,0.00,0.00,0,0,0.00,0.00,0.00,0,0,0.00,0.00,0,0
1535660462,eth1,0.00,0.00,0.00,0,0,0.00,0.00,0.00,0,0,0.00,0.00,0,0
1535660462,s2,0.00,342.00,342.00,342,0,0.00,1.00,1.00,1,0,0.00,0.00,0,0
1535660462,s1-eth2,141682.00,5784994.00,5926676.00,5784994,141682,1911.00,3821.00,5732.00,3821,1911,0.00,0.00,0,0
1535660462,s1-eth1,5795592.00,141266.00,5936858.00,141266,5795592,3828.00,1909.00,5737.00,1909,3828,0.00,0.00,0,0
1535660462,s3,0.00,342.00,342.00,342,0,0.00,1.00,1.00,1,0,0.00,0.00,0,0
1535660462,s2-eth2,141756.00,5798620.00,5940376.00,5798620,141756,1912.00,3830.00,5742.00,3830,1912,0.00,0.00,0,0
1535660462,s2-eth1,5784994.00,141756.00,5926750.00,141756,5784994,3821.00,1912.00,5733.00,1912,3821,0.00,0.00,0,0
1535660462,lo,652.00,652.00,1304.00,652,652,6.00,6.00,12.00,6,6,0.00,0.00,0,0
1535660462,s3-eth2,141460.00,5798620.00,5940080.00,5798620,141460,1908.00,3830.00,5738.00,3830,1908,0.00,0.00,0,0
1535660462,s3-eth1,5798620.00,141756.00,5940376.00,141756,5798620,3830.00,1912.00,5742.00,1912,3830,0.00,0.00,0,0
1535660462,total,17804756.00,17808348.00,35613104.00,17808348,17804756,17216.00,17222.00,34438.00,17222,17216,0.00,0.00,0,0
1535660463,s1,0.00,0.00,0.00,0,0,0.00,0.00,0.00,0,0,0.00,0.00,0,0
1535660463,eth0,0.00,0.00,0.00,0,0,0.00,0.00,0.00,0,0,0.00,0.00,0,0
1535660463,eth1,0.00,0.00,0.00,0,0,0.00,0.00,0.00,0,0,0.00,0.00,0,0
1535660463,s2,0.00,0.00,0.00,0,0,0.00,0.00,0.00,0,0,0.00,0.00,0,0
1535660463,s1-eth2,148518.00,6095364.00,6243882.00,6095364,148518,2007.00,4026.00,6033.00,4026,2007,0.00,0.00,0,0
1535660463,s1-eth1,6084766.00,148740.00,6233506.00,148740,6084766,4019.00,2010.00,6029.00,2010,4019,0.00,0.00,0,0
1535660463,s3,0.00,0.00,0.00,0,0,0.00,0.00,0.00,0,0,0.00,0.00,0,0
1535660463,s2-eth2,148592.00,6096878.00,6245470.00,6096878,148592,2008.00,4027.00,6035.00,4027,2008,0.00,0.00,0,0
1535660463,s2-eth1,6095364.00,148444.00,6243808.00,148444,6095364,4026.00,2006.00,6032.00,2006,4026,0.00,0.00,0,0
1535660463,lo,0.00,0.00,0.00,0,0,0.00,0.00,0.00,0,0,0.00,0.00,0,0
1535660463,s3-eth2,148666.00,6096878.00,6245544.00,6096878,148666,2009.00,4027.00,6036.00,4027,2009,0.00,0.00,0,0
1535660463,s3-eth1,6096878.00,148592.00,6245470.00,148592,6096878,4027.00,2008.00,6035.00,2008,4027,0.00,0.00,0,0
1535660463,total,18722784.00,18734896.00,37457680.00,18734896,18722784,18096.00,18104.00,36200.00,18104,18096,0.00,0.00,0,0
1535660464,s1,0.00,342.00,342.00,342,0,0.00,1.00,1.00,1,0,0.00,0.00,0,0
1535660464,eth0,0.00,0.00,0.00,0,0,0.00,0.00,0.00,0,0,0.00,0.00,0,0
1535660464,eth1,0.00,0.00,0.00,0,0,0.00,0.00,0.00,0,0,0.00,0.00,0,0
1535660464,s2,0.00,0.00,0.00,0,0,0.00,0.00,0.00,0,0,0.00,0.00,0,0
1535660464,s1-eth2,152662.00,6245592.00,6398254.00,6245592,152662,2063.00,4126.00,6189.00,4126,2063,0.00,0.00,0,0
1535660464,s1-eth1,6245592.00,152588.00,6398180.00,152588,6245592,4126.00,2062.00,6188.00,2062,4126,0.00,0.00,0,0
1535660464,s3,0.00,0.00,0.00,0,0,0.00,0.00,0.00,0,0,0.00,0.00,0,0
1535660464,s2-eth2,152514.00,6245250.00,6397764.00,6245250,152514,2061.00,4125.00,6186.00,4125,2061,0.00,0.00,0,0
1535660464,s2-eth1,6245592.00,152662.00,6398254.00,152662,6245592,4126.00,2063.00,6189.00,2063,4126,0.00,0.00,0,0
1535660464,lo,326.00,326.00,652.00,326,326,3.00,3.00,6.00,3,3,0.00,0.00,0,0
1535660464,s3-eth2,152514.00,6245250.00,6397764.00,6245250,152514,2061.00,4125.00,6186.00,4125,2061,0.00,0.00,0,0
1535660464,s3-eth1,6245250.00,152514.00,6397764.00,152514,6245250,4125.00,2061.00,6186.00,2061,4125,0.00,0.00,0,0
1535660464,total,19194450.00,19194524.00,38388976.00,19194524,19194450,18565.00,18566.00,37131.00,18566,18565,0.00,0.00,0,0
1535660465,s1,0.00,0.00,0.00,0,0,0.00,0.00,0.00,0,0,0.00,0.00,0,0
1535660465,eth0,0.00,0.00,0.00,0,0,0.00,0.00,0.00,0,0,0.00,0.00,0,0
1535660465,eth1,0.00,0.00,0.00,0,0,0.00,0.00,0.00,0,0,0.00,0.00,0,0
1535660465,s2,0.00,0.00,0.00,0,0,0.00,0.00,0.00,0,0,0.00,0.00,0,0
1535660465,s1-eth2,149184.00,6101420.00,6250604.00,6101420,149184,2016.00,4030.00,6046.00,4030,2016,0.00,0.00,0,0
1535660465,s1-eth1,6101420.00,149110.00,6250530.00,149110,6101420,4030.00,2015.00,6045.00,2015,4030,0.00,0.00,0,0
1535660465,s3,0.00,0.00,0.00,0,0,0.00,0.00,0.00,0,0,0.00,0.00,0,0
1535660465,s2-eth2,149110.00,6104448.00,6253558.00,6104448,149110,2015.00,4032.00,6047.00,4032,2015,0.00,0.00,0,0
1535660465,s2-eth1,6101420.00,149184.00,6250604.00,149184,6101420,4030.00,2016.00,6046.00,2016,4030,0.00,0.00,0,0
1535660465,lo,0.00,0.00,0.00,0,0,0.00,0.00,0.00,0,0,0.00,0.00,0,0
1535660465,s3-eth2,149110.00,6110504.00,6259614.00,6110504,149110,2015.00,4036.00,6051.00,4036,2015,0.00,0.00,0,0
1535660465,s3-eth1,6104448.00,149110.00,6253558.00,149110,6104448,4032.00,2015.00,6047.00,2015,4032,0.00,0.00,0,0
1535660465,total,18754692.00,18763776.00,37518468.00,18763776,18754692,18138.00,18144.00,36282.00,18144,18138,0.00,0.00,0,0
1535660466,s1,0.00,0.00,0.00,0,0,0.00,0.00,0.00,0,0,0.00,0.00,0,0
1535660466,eth0,0.00,0.00,0.00,0,0,0.00,0.00,0.00,0,0,0.00,0.00,0,0
1535660466,eth1,0.00,0.00,0.00,0,0,0.00,0.00,0.00,0,0,0.00,0.00,0,0
1535660466,s2,0.00,0.00,0.00,0,0,0.00,0.00,0.00,0,0,0.00,0.00,0,0
1535660466,s1-eth2,145634.38,5959201.00,6104835.50,5965160,145780,1968.03,3936.06,5904.10,3940,1970,0.00,0.00,0,0
1535660466,s1-eth1,5959201.00,145708.30,6104909.50,145854,5965160,3936.06,1969.03,5905.10,1971,3940,0.00,0.00,0,0
1535660466,s3,0.00,0.00,0.00,0,0,0.00,0.00,0.00,0,0,0.00,0.00,0,0
1535660466,s2-eth2,145782.22,5960713.50,6106495.50,5966674,145928,1970.03,3937.06,5907.09,3941,1972,0.00,0.00,0,0
1535660466,s2-eth1,5962226.00,145708.30,6107934.00,145854,5968188,3938.06,1969.03,5907.09,1971,3942,0.00,0.00,0,0
1535660466,lo,343.66,343.66,687.31,344,344,5.99,5.99,11.99,6,6,0.00,0.00,0,0
1535660466,s3-eth2,145782.22,5953151.00,6098933.00,5959104,145928,1970.03,3932.07,5902.10,3936,1972,0.00,0.00,0,0
1535660466,s3-eth1,5960713.50,145782.22,6106495.50,145928,5966674,3937.06,1970.03,5907.09,1972,3941,0.00,0.00,0,0
1535660466,total,18319682.00,18310608.00,36630292.00,18328918,18338002,17725.28,17719.28,35444.56,17737,17743,0.00,0.00,0,0
1535660467,s1,0.00,0.00,0.00,0,0,0.00,0.00,0.00,0,0,0.00,0.00,0,0
1535660467,eth0,0.00,0.00,0.00,0,0,0.00,0.00,0.00,0,0,0.00,0.00,0,0
1535660467,eth1,0.00,0.00,0.00,0,0,0.00,0.00,0.00,0,0,0.00,0.00,0,0
1535660467,s2,0.00,0.00,0.00,0,0,0.00,0.00,0.00,0,0,0.00,0.00,0,0
1535660467,s1-eth2,149776.00,6130186.00,6279962.00,6130186,149776,2024.00,4049.00,6073.00,4049,2024,0.00,0.00,0,0
1535660467,s1-eth1,6130186.00,149776.00,6279962.00,149776,6130186,4049.00,2024.00,6073.00,2024,4049,0.00,0.00,0,0
1535660467,s3,0.00,0.00,0.00,0,0,0.00,0.00,0.00,0,0,0.00,0.00,0,0
1535660467,s2-eth2,149628.00,6128672.00,6278300.00,6128672,149628,2022.00,4048.00,6070.00,4048,2022,0.00,0.00,0,0
1535660467,s2-eth1,6127158.00,149702.00,6276860.00,149702,6127158,4047.00,2023.00,6070.00,2023,4047,0.00,0.00,0,0
1535660467,lo,0.00,0.00,0.00,0,0,0.00,0.00,0.00,0,0,0.00,0.00,0,0
1535660467,s3-eth2,149702.00,6130186.00,6279888.00,6130186,149702,2023.00,4049.00,6072.00,4049,2023,0.00,0.00,0,0
1535660467,s3-eth1,6128672.00,149628.00,6278300.00,149628,6128672,4048.00,2022.00,6070.00,2022,4048,0.00,0.00,0,0
1535660467,total,18835122.00,18838150.00,37673272.00,18838150,18835122,18213.00,18215.00,36428.00,18215,18213,0.00,0.00,0,0
1535660468,s1,0.00,342.00,342.00,342,0,0.00,1.00,1.00,1,0,0.00,0.00,0,0
1535660468,eth0,0.00,0.00,0.00,0,0,0.00,0.00,0.00,0,0,0.00,0.00,0,0
1535660468,eth1,0.00,0.00,0.00,0,0,0.00,0.00,0.00,0,0,0.00,0.00,0,0
1535660468,s2,0.00,342.00,342.00,342,0,0.00,1.00,1.00,1,0,0.00,0.00,0,0
1535660468,s1-eth2,152440.00,6236508.00,6388948.00,6236508,152440,2060.00,4120.00,6180.00,4120,2060,0.00,0.00,0,0
1535660468,s1-eth1,6236508.00,152366.00,6388874.00,152366,6236508,4120.00,2059.00,6179.00,2059,4120,0.00,0.00,0,0
1535660468,s3,0.00,0.00,0.00,0,0,0.00,0.00,0.00,0,0,0.00,0.00,0,0
1535660468,s2-eth2,152514.00,6236508.00,6389022.00,6236508,152514,2061.00,4120.00,6181.00,4120,2061,0.00,0.00,0,0
1535660468,s2-eth1,6236508.00,152440.00,6388948.00,152440,6236508,4120.00,2060.00,6180.00,2060,4120,0.00,0.00,0,0
1535660468,lo,824.00,824.00,1648.00,824,824,9.00,9.00,18.00,9,9,0.00,0.00,0,0
1535660468,s3-eth2,152440.00,6236166.00,6388606.00,6236166,152440,2060.00,4119.00,6179.00,4119,2060,0.00,0.00,0,0
1535660468,s3-eth1,6236508.00,152514.00,6389022.00,152514,6236508,4120.00,2061.00,6181.00,2061,4120,0.00,0.00,0,0
1535660468,total,19167742.00,19168010.00,38335752.00,19168010,19167742,18550.00,18550.00,37100.00,18550,18550,0.00,0.00,0,0
1535660469,s1,0.00,0.00,0.00,0,0,0.00,0.00,0.00,0,0,0.00,0.00,0,0
1535660469,eth0,0.00,0.00,0.00,0,0,0.00,0.00,0.00,0,0,0.00,0.00,0,0
1535660469,eth1,0.00,0.00,0.00,0,0,0.00,0.00,0.00,0,0,0.00,0.00,0,0
1535660469,s2,0.00,0.00,0.00,0,0,0.00,0.00,0.00,0,0,0.00,0.00,0,0
1535660469,s1-eth2,152736.00,6252820.00,6405556.00,6252820,152736,2064.00,4130.00,6194.00,4130,2064,0.00,0.00,0,0
1535660469,s1-eth1,6252820.00,152810.00,6405630.00,152810,6252820,4130.00,2065.00,6195.00,2065,4130,0.00,0.00,0,0
1535660469,s3,0.00,0.00,0.00,0,0,0.00,0.00,0.00,0,0,0.00,0.00,0,0
1535660469,s2-eth2,152662.00,6252820.00,6405482.00,6252820,152662,2063.00,4130.00,6193.00,4130,2063,0.00,0.00,0,0
1535660469,s2-eth1,6252820.00,152736.00,6405556.00,152736,6252820,4130.00,2064.00,6194.00,2064,4130,0.00,0.00,0,0
1535660469,lo,0.00,0.00,0.00,0,0,0.00,0.00,0.00,0,0,0.00,0.00,0,0
1535660469,s3-eth2,153078.00,6252820.00,6405898.00,6252820,153078,2065.00,4130.00,6195.00,4130,2065,0.00,0.00,0,0
1535660469,s3-eth1,6252820.00,152662.00,6405482.00,152662,6252820,4130.00,2063.00,6193.00,2063,4130,0.00,0.00,0,0
1535660469,total,19216936.00,19216668.00,38433604.00,19216668,19216936,18582.00,18582.00,37164.00,18582,18582,0.00,0.00,0,0
1535660470,s1,0.00,0.00,0.00,0,0,0.00,0.00,0.00,0,0,0.00,0.00,0,0
1535660470,eth0,0.00,0.00,0.00,0,0,0.00,0.00,0.00,0,0,0.00,0.00,0,0
1535660470,eth1,0.00,0.00,0.00,0,0,0.00,0.00,0.00,0,0,0.00,0.00,0,0
1535660470,s2,0.00,0.00,0.00,0,0,0.00,0.00,0.00,0,0,0.00,0.00,0,0
1535660470,s1-eth2,152514.00,6239194.00,6391708.00,6239194,152514,2061.00,4121.00,6182.00,4121,2061,0.00,0.00,0,0
1535660470,s1-eth1,6239536.00,152440.00,6391976.00,152440,6239536,4122.00,2060.00,6182.00,2060,4122,0.00,0.00,0,0
1535660470,s3,0.00,0.00,0.00,0,0,0.00,0.00,0.00,0,0,0.00,0.00,0,0
1535660470,s2-eth2,152514.00,6239194.00,6391708.00,6239194,152514,2061.00,4121.00,6182.00,4121,2061,0.00,0.00,0,0
1535660470,s2-eth1,6239194.00,152514.00,6391708.00,152514,6239194,4121.00,2061.00,6182.00,2061,4121,0.00,0.00,0,0
1535660470,lo,0.00,0.00,0.00,0,0,0.00,0.00,0.00,0,0,0.00,0.00,0,0
1535660470,s3-eth2,152440.00,6239194.00,6391634.00,6239194,152440,2060.00,4121.00,6181.00,4121,2060,0.00,0.00,0,0
1535660470,s3-eth1,6239194.00,152514.00,6391708.00,152514,6239194,4121.00,2061.00,6182.00,2061,4121,0.00,0.00,0,0
1535660470,total,19175392.00,19175050.00,38350440.00,19175050,19175392,18546.00,18545.00,37091.00,18545,18546,0.00,0.00,0,0
1535660471,s1,0.00,0.00,0.00,0,0,0.00,0.00,0.00,0,0,0.00,0.00,0,0
1535660471,eth0,0.00,0.00,0.00,0,0,0.00,0.00,0.00,0,0,0.00,0.00,0,0
1535660471,eth1,0.00,0.00,0.00,0,0,0.00,0.00,0.00,0,0,0.00,0.00,0,0
1535660471,s2,0.00,0.00,0.00,0,0,0.00,0.00,0.00,0,0,0.00,0.00,0,0
1535660471,s1-eth2,151404.00,6196802.00,6348206.00,6196802,151404,2046.00,4093.00,6139.00,4093,2046,0.00,0.00,0,0
1535660471,s1-eth1,6195288.00,151404.00,6346692.00,151404,6195288,4092.00,2046.00,6138.00,2046,4092,0.00,0.00,0,0
1535660471,s3,0.00,342.00,342.00,342,0,0.00,1.00,1.00,1,0,0.00,0.00,0,0
1535660471,s2-eth2,151746.00,6195288.00,6347034.00,6195288,151746,2047.00,4092.00,6139.00,4092,2047,0.00,0.00,0,0
1535660471,s2-eth1,6196802.00,151404.00,6348206.00,151404,6196802,4093.00,2046.00,6139.00,2046,4093,0.00,0.00,0,0
1535660471,lo,326.00,326.00,652.00,326,326,3.00,3.00,6.00,3,3,0.00,0.00,0,0
1535660471,s3-eth2,151746.00,6195288.00,6347034.00,6195288,151746,2047.00,4092.00,6139.00,4092,2047,0.00,0.00,0,0
1535660471,s3-eth1,6195288.00,151746.00,6347034.00,151746,6195288,4092.00,2047.00,6139.00,2047,4092,0.00,0.00,0,0
1535660471,total,19042600.00,19042600.00,38085200.00,19042600,19042600,18420.00,18420.00,36840.00,18420,18420,0.00,0.00,0,0
1535660472,s1,0.00,0.00,0.00,0,0,0.00,0.00,0.00,0,0,0.00,0.00,0,0
1535660472,eth0,0.00,0.00,0.00,0,0,0.00,0.00,0.00,0,0,0.00,0.00,0,0
1535660472,eth1,0.00,0.00,0.00,0,0,0.00,0.00,0.00,0,0,0.00,0.00,0,0
1535660472,s2,0.00,342.00,342.00,342,0,0.00,1.00,1.00,1,0,0.00,0.00,0,0
1535660472,s1-eth2,153078.00,6245250.00,6398328.00,6245250,153078,2065.00,4125.00,6190.00,4125,2065,0.00,0.00,0,0
1535660472,s1-eth1,6245250.00,152736.00,6397986.00,152736,6245250,4125.00,2064.00,6189.00,2064,4125,0.00,0.00,0,0
1535660472,s3,0.00,342.00,342.00,342,0,0.00,1.00,1.00,1,0,0.00,0.00,0,0
1535660472,s2-eth2,153152.00,6245250.00,6398402.00,6245250,153152,2066.00,4125.00,6191.00,4125,2066,0.00,0.00,0,0
1535660472,s2-eth1,6245250.00,153078.00,6398328.00,153078,6245250,4125.00,2065.00,6190.00,2065,4125,0.00,0.00,0,0
1535660472,lo,652.00,652.00,1304.00,652,652,6.00,6.00,12.00,6,6,0.00,0.00,0,0
1535660472,s3-eth2,152810.00,6245250.00,6398060.00,6245250,152810,2065.00,4125.00,6190.00,4125,2065,0.00,0.00,0,0
1535660472,s3-eth1,6245250.00,153152.00,6398402.00,153152,6245250,4125.00,2066.00,6191.00,2066,4125,0.00,0.00,0,0
1535660472,total,19195442.00,19196052.00,38391496.00,19196052,19195442,18577.00,18578.00,37155.00,18578,18577,0.00,0.00,0,0
1535660473,s1,0.00,0.00,0.00,0,0,0.00,0.00,0.00,0,0,0.00,0.00,0,0
1535660473,eth0,0.00,0.00,0.00,0,0,0.00,0.00,0.00,0,0,0.00,0.00,0,0
1535660473,eth1,0.00,0.00,0.00,0,0,0.00,0.00,0.00,0,0,0.00,0.00,0,0
1535660473,s2,0.00,0.00,0.00,0,0,0.00,0.00,0.00,0,0,0.00,0.00,0,0
1535660473,s1-eth2,150664.00,6169550.00,6320214.00,6169550,150664,2036.00,4075.00,6111.00,4075,2036,0.00,0.00,0,0
1535660473,s1-eth1,6169550.00,150738.00,6320288.00,150738,6169550,4075.00,2037.00,6112.00,2037,4075,0.00,0.00,0,0
1535660473,s3,0.00,0.00,0.00,0,0,0.00,0.00,0.00,0,0,0.00,0.00,0,0
1535660473,s2-eth2,150590.00,6169550.00,6320140.00,6169550,150590,2035.00,4075.00,6110.00,4075,2035,0.00,0.00,0,0
1535660473,s2-eth1,6169550.00,150664.00,6320214.00,150664,6169550,4075.00,2036.00,6111.00,2036,4075,0.00,0.00,0,0
1535660473,lo,172.00,172.00,344.00,172,172,3.00,3.00,6.00,3,3,0.00,0.00,0,0
1535660473,s3-eth2,150932.00,6169550.00,6320482.00,6169550,150932,2036.00,4075.00,6111.00,4075,2036,0.00,0.00,0,0
1535660473,s3-eth1,6169550.00,150590.00,6320140.00,150590,6169550,4075.00,2035.00,6110.00,2035,4075,0.00,0.00,0,0
1535660473,total,18961008.00,18960814.00,37921824.00,18960814,18961008,18335.00,18336.00,36671.00,18336,18335,0.00,0.00,0,0
1535660474,s1,0.00,0.00,0.00,0,0,0.00,0.00,0.00,0,0,0.00,0.00,0,0
1535660474,eth0,0.00,0.00,0.00,0,0,0.00,0.00,0.00,0,0,0.00,0.00,0,0
1535660474,eth1,0.00,0.00,0.00,0,0,0.00,0.00,0.00,0,0,0.00,0.00,0,0
1535660474,s2,0.00,0.00,0.00,0,0,0.00,0.00,0.00,0,0,0.00,0.00,0,0
1535660474,s1-eth2,151404.00,6195288.00,6346692.00,6195288,151404,2046.00,4092.00,6138.00,4092,2046,0.00,0.00,0,0
1535660474,s1-eth1,6195288.00,151404.00,6346692.00,151404,6195288,4092.00,2046.00,6138.00,2046,4092,0.00,0.00,0,0
1535660474,s3,0.00,0.00,0.00,0,0,0.00,0.00,0.00,0,0,0.00,0.00,0,0
1535660474,s2-eth2,151404.00,6196802.00,6348206.00,6196802,151404,2046.00,4093.00,6139.00,4093,2046,0.00,0.00,0,0
1535660474,s2-eth1,6195288.00,151404.00,6346692.00,151404,6195288,4092.00,2046.00,6138.00,2046,4092,0.00,0.00,0,0
1535660474,lo,0.00,0.00,0.00,0,0,0.00,0.00,0.00,0,0,0.00,0.00,0,0
1535660474,s3-eth2,151478.00,6199830.00,6351308.00,6199830,151478,2047.00,4095.00,6142.00,4095,2047,0.00,0.00,0,0
1535660474,s3-eth1,6196802.00,151404.00,6348206.00,151404,6196802,4093.00,2046.00,6139.00,2046,4093,0.00,0.00,0,0
1535660474,total,19041664.00,19046132.00,38087796.00,19046132,19041664,18416.00,18418.00,36834.00,18418,18416,0.00,0.00,0,0
1535660475,s1,0.00,0.00,0.00,0,0,0.00,0.00,0.00,0,0,0.00,0.00,0,0
1535660475,eth0,0.00,0.00,0.00,0,0,0.00,0.00,0.00,0,0,0.00,0.00,0,0
1535660475,eth1,0.00,0.00,0.00,0,0,0.00,0.00,0.00,0,0,0.00,0.00,0,0
1535660475,s2,0.00,0.00,0.00,0,0,0.00,0.00,0.00,0,0,0.00,0.00,0,0
1535660475,s1-eth2,152260.00,6228638.00,6380898.00,6228638,152260,2058.00,4115.00,6173.00,4115,2058,0.00,0.00,0,0
1535660475,s1-eth1,6228638.00,152186.00,6380824.00,152186,6228638,4115.00,2057.00,6172.00,2057,4115,0.00,0.00,0,0
1535660475,s3,0.00,0.00,0.00,0,0,0.00,0.00,0.00,0,0,0.00,0.00,0,0
1535660475,s2-eth2,152260.00,6228638.00,6380898.00,6228638,152260,2058.00,4115.00,6173.00,4115,2058,0.00,0.00,0,0
1535660475,s2-eth1,6228638.00,152260.00,6380898.00,152260,6228638,4115.00,2058.00,6173.00,2058,4115,0.00,0.00,0,0
1535660475,lo,888.00,888.00,1776.00,888,888,9.00,9.00,18.00,9,9,0.00,0.00,0,0
1535660475,s3-eth2,152186.00,6228638.00,6380824.00,6228638,152186,2057.00,4115.00,6172.00,4115,2057,0.00,0.00,0,0
1535660475,s3-eth1,6228638.00,152260.00,6380898.00,152260,6228638,4115.00,2058.00,6173.00,2058,4115,0.00,0.00,0,0
1535660475,total,19143508.00,19143508.00,38287016.00,19143508,19143508,18527.00,18527.00,37054.00,18527,18527,0.00,0.00,0,0
1535660476,s1,0.00,0.00,0.00,0,0,0.00,0.00,0.00,0,0,0.00,0.00,0,0
1535660476,eth0,0.00,0.00,0.00,0,0,0.00,0.00,0.00,0,0,0.00,0.00,0,0
1535660476,eth1,0.00,0.00,0.00,0,0,0.00,0.00,0.00,0,0,0.00,0.00,0,0
1535660476,s2,0.00,0.00,0.00,0,0,0.00,0.00,0.00,0,0,0.00,0.00,0,0
1535660476,s1-eth2,148814.00,6090822.00,6239636.00,6090822,148814,2011.00,4023.00,6034.00,4023,2011,0.00,0.00,0,0
1535660476,s1-eth1,6092336.00,148962.00,6241298.00,148962,6092336,4024.00,2013.00,6037.00,2013,4024,0.00,0.00,0,0
1535660476,s3,0.00,0.00,0.00,0,0,0.00,0.00,0.00,0,0,0.00,0.00,0,0
1535660476,s2-eth2,148888.00,6087794.00,6236682.00,6087794,148888,2012.00,4021.00,6033.00,4021,2012,0.00,0.00,0,0
1535660476,s2-eth1,6090822.00,148814.00,6239636.00,148814,6090822,4023.00,2011.00,6034.00,2011,4023,0.00,0.00,0,0
1535660476,lo,0.00,0.00,0.00,0,0,0.00,0.00,0.00,0,0,0.00,0.00,0,0
1535660476,s3-eth2,148888.00,6083252.00,6232140.00,6083252,148888,2012.00,4018.00,6030.00,4018,2012,0.00,0.00,0,0
1535660476,s3-eth1,6087794.00,148888.00,6236682.00,148888,6087794,4021.00,2012.00,6033.00,2012,4021,0.00,0.00,0,0
1535660476,total,18717542.00,18708532.00,37426072.00,18708532,18717542,18103.00,18098.00,36201.00,18098,18103,0.00,0.00,0,0
1535660477,s1,0.00,0.00,0.00,0,0,0.00,0.00,0.00,0,0,0.00,0.00,0,0
1535660477,eth0,0.00,0.00,0.00,0,0,0.00,0.00,0.00,0,0,0.00,0.00,0,0
1535660477,eth1,0.00,0.00,0.00,0,0,0.00,0.00,0.00,0,0,0.00,0.00,0,0
1535660477,s2,0.00,0.00,0.00,0,0,0.00,0.00,0.00,0,0,0.00,0.00,0,0
1535660477,s1-eth2,151626.00,6201344.00,6352970.00,6201344,151626,2049.00,4096.00,6145.00,4096,2049,0.00,0.00,0,0
1535660477,s1-eth1,6202858.00,151552.00,6354410.00,151552,6202858,4097.00,2048.00,6145.00,2048,4097,0.00,0.00,0,0
1535660477,s3,0.00,0.00,0.00,0,0,0.00,0.00,0.00,0,0,0.00,0.00,0,0
1535660477,s2-eth2,151552.00,6202858.00,6354410.00,6202858,151552,2048.00,4097.00,6145.00,4097,2048,0.00,0.00,0,0
1535660477,s2-eth1,6201344.00,151626.00,6352970.00,151626,6201344,4096.00,2049.00,6145.00,2049,4096,0.00,0.00,0,0
1535660477,lo,0.00,0.00,0.00,0,0,0.00,0.00,0.00,0,0,0.00,0.00,0,0
1535660477,s3-eth2,151968.00,6204372.00,6356340.00,6204372,151968,2050.00,4098.00,6148.00,4098,2050,0.00,0.00,0,0
1535660477,s3-eth1,6202858.00,151552.00,6354410.00,151552,6202858,4097.00,2048.00,6145.00,2048,4097,0.00,0.00,0,0
1535660477,total,19062206.00,19063304.00,38125512.00,19063304,19062206,18437.00,18436.00,36873.00,18436,18437,0.00,0.00,0,0
1535660478,s1,0.00,0.00,0.00,0,0,0.00,0.00,0.00,0,0,0.00,0.00,0,0
1535660478,eth0,0.00,0.00,0.00,0,0,0.00,0.00,0.00,0,0,0.00,0.00,0,0
1535660478,eth1,0.00,0.00,0.00,0,0,0.00,0.00,0.00,0,0,0.00,0.00,0,0
1535660478,s2,0.00,0.00,0.00,0,0,0.00,0.00,0.00,0,0,0.00,0.00,0,0
1535660478,s1-eth2,152736.00,6249792.00,6402528.00,6249792,152736,2064.00,4128.00,6192.00,4128,2064,0.00,0.00,0,0
1535660478,s1-eth1,6248278.00,152662.00,6400940.00,152662,6248278,4127.00,2063.00,6190.00,2063,4127,0.00,0.00,0,0
1535660478,s3,0.00,0.00,0.00,0,0,0.00,0.00,0.00,0,0,0.00,0.00,0,0
1535660478,s2-eth2,152736.00,6249792.00,6402528.00,6249792,152736,2064.00,4128.00,6192.00,4128,2064,0.00,0.00,0,0
1535660478,s2-eth1,6249792.00,152736.00,6402528.00,152736,6249792,4128.00,2064.00,6192.00,2064,4128,0.00,0.00,0,0
1535660478,lo,0.00,0.00,0.00,0,0,0.00,0.00,0.00,0,0,0.00,0.00,0,0
1535660478,s3-eth2,152662.00,6249792.00,6402454.00,6249792,152662,2063.00,4128.00,6191.00,4128,2063,0.00,0.00,0,0
1535660478,s3-eth1,6249792.00,152736.00,6402528.00,152736,6249792,4128.00,2064.00,6192.00,2064,4128,0.00,0.00,0,0
1535660478,total,19205996.00,19207510.00,38413504.00,19207510,19205996,18574.00,18575.00,37149.00,18575,18574,0.00,0.00,0,0
1535660479,s1,0.00,0.00,0.00,0,0,0.00,0.00,0.00,0,0,0.00,0.00,0,0
1535660479,eth0,0.00,0.00,0.00,0,0,0.00,0.00,0.00,0,0,0.00,0.00,0,0
1535660479,eth1,0.00,0.00,0.00,0,0,0.00,0.00,0.00,0,0,0.00,0.00,0,0
1535660479,s2,0.00,0.00,0.00,0,0,0.00,0.00,0.00,0,0,0.00,0.00,0,0
1535660479,s1-eth2,152662.00,6248278.00,6400940.00,6248278,152662,2063.00,4127.00,6190.00,4127,2063,0.00,0.00,0,0
1535660479,s1-eth1,6248278.00,152736.00,6401014.00,152736,6248278,4127.00,2064.00,6191.00,2064,4127,0.00,0.00,0,0
1535660479,s3,0.00,0.00,0.00,0,0,0.00,0.00,0.00,0,0,0.00,0.00,0,0
1535660479,s2-eth2,152736.00,6248278.00,6401014.00,6248278,152736,2064.00,4127.00,6191.00,4127,2064,0.00,0.00,0,0
1535660479,s2-eth1,6248278.00,152662.00,6400940.00,152662,6248278,4127.00,2063.00,6190.00,2063,4127,0.00,0.00,0,0
1535660479,lo,516.00,516.00,1032.00,516,516,9.00,9.00,18.00,9,9,0.00,0.00,0,0
1535660479,s3-eth2,152736.00,6248278.00,6401014.00,6248278,152736,2064.00,4127.00,6191.00,4127,2064,0.00,0.00,0,0
1535660479,s3-eth1,6248278.00,152736.00,6401014.00,152736,6248278,4127.00,2064.00,6191.00,2064,4127,0.00,0.00,0,0
1535660479,total,19203484.00,19203484.00,38406968.00,19203484,19203484,18581.00,18581.00,37162.00,18581,18581,0.00,0.00,0,0
1535660480,s1,0.00,0.00,0.00,0,0,0.00,0.00,0.00,0,0,0.00,0.00,0,0
1535660480,eth0,0.00,0.00,0.00,0,0,0.00,0.00,0.00,0,0,0.00,0.00,0,0
1535660480,eth1,0.00,0.00,0.00,0,0,0.00,0.00,0.00,0,0,0.00,0.00,0,0
1535660480,s2,0.00,0.00,0.00,0,0,0.00,0.00,0.00,0,0,0.00,0.00,0,0
1535660480,s1-eth2,151330.00,6190746.00,6342076.00,6190746,151330,2045.00,4089.00,6134.00,4089,2045,0.00,0.00,0,0
1535660480,s1-eth1,6191088.00,151330.00,6342418.00,151330,6191088,4090.00,2045.00,6135.00,2045,4090,0.00,0.00,0,0
1535660480,s3,0.00,0.00,0.00,0,0,0.00,0.00,0.00,0,0,0.00,0.00,0,0
1535660480,s2-eth2,151256.00,6189232.00,6340488.00,6189232,151256,2044.00,4088.00,6132.00,4088,2044,0.00,0.00,0,0
1535660480,s2-eth1,6190746.00,151330.00,6342076.00,151330,6190746,4089.00,2045.00,6134.00,2045,4089,0.00,0.00,0,0
1535660480,lo,0.00,0.00,0.00,0,0,0.00,0.00,0.00,0,0,0.00,0.00,0,0
1535660480,s3-eth2,151256.00,6190746.00,6342002.00,6190746,151256,2044.00,4089.00,6133.00,4089,2044,0.00,0.00,0,0
1535660480,s3-eth1,6189232.00,151256.00,6340488.00,151256,6189232,4088.00,2044.00,6132.00,2044,4088,0.00,0.00,0,0
1535660480,total,19024908.00,19024640.00,38049548.00,19024640,19024908,18400.00,18400.00,36800.00,18400,18400,0.00,0.00,0,0
1535660481,s1,0.00,342.00,342.00,342,0,0.00,1.00,1.00,1,0,0.00,0.00,0,0
1535660481,eth0,0.00,0.00,0.00,0,0,0.00,0.00,0.00,0,0,0.00,0.00,0,0
1535660481,eth1,0.00,0.00,0.00,0,0,0.00,0.00,0.00,0,0,0.00,0.00,0,0
1535660481,s2,0.00,0.00,0.00,0,0,0.00,0.00,0.00,0,0,0.00,0.00,0,0
1535660481,s1-eth2,150072.00,6138098.00,6288170.00,6138098,150072,2028.00,4055.00,6083.00,4055,2028,0.00,0.00,0,0
1535660481,s1-eth1,6141126.00,149998.00,6291124.00,149998,6141126,4057.00,2027.00,6084.00,2027,4057,0.00,0.00,0,0
1535660481,s3,0.00,0.00,0.00,0,0,0.00,0.00,0.00,0,0,0.00,0.00,0,0
1535660481,s2-eth2,150072.00,6137756.00,6287828.00,6137756,150072,2028.00,4054.00,6082.00,4054,2028,0.00,0.00,0,0
1535660481,s2-eth1,6138098.00,150072.00,6288170.00,150072,6138098,4055.00,2028.00,6083.00,2028,4055,0.00,0.00,0,0
1535660481,lo,326.00,326.00,652.00,326,326,3.00,3.00,6.00,3,3,0.00,0.00,0,0
1535660481,s3-eth2,150072.00,6134728.00,6284800.00,6134728,150072,2028.00,4052.00,6080.00,4052,2028,0.00,0.00,0,0
1535660481,s3-eth1,6137756.00,150072.00,6287828.00,150072,6137756,4054.00,2028.00,6082.00,2028,4054,0.00,0.00,0,0
1535660481,total,18867522.00,18861392.00,37728912.00,18861392,18867522,18253.00,18248.00,36501.00,18248,18253,0.00,0.00,0,0
1535660482,s1,0.00,0.00,0.00,0,0,0.00,0.00,0.00,0,0,0.00,0.00,0,0
1535660482,eth0,0.00,0.00,0.00,0,0,0.00,0.00,0.00,0,0,0.00,0.00,0,0
1535660482,eth1,0.00,0.00,0.00,0,0,0.00,0.00,0.00,0,0,0.00,0.00,0,0
1535660482,s2,0.00,0.00,0.00,0,0,0.00,0.00,0.00,0,0,0.00,0.00,0,0
1535660482,s1-eth2,150220.00,6151382.00,6301602.00,6151382,150220,2030.00,4063.00,6093.00,4063,2030,0.00,0.00,0,0
1535660482,s1-eth1,6148354.00,150294.00,6298648.00,150294,6148354,4061.00,2031.00,6092.00,2031,4061,0.00,0.00,0,0
1535660482,s3,0.00,0.00,0.00,0,0,0.00,0.00,0.00,0,0,0.00,0.00,0,0
1535660482,s2-eth2,150220.00,6152896.00,6303116.00,6152896,150220,2030.00,4064.00,6094.00,4064,2030,0.00,0.00,0,0
1535660482,s2-eth1,6151382.00,150220.00,6301602.00,150220,6151382,4063.00,2030.00,6093.00,2030,4063,0.00,0.00,0,0
1535660482,lo,0.00,0.00,0.00,0,0,0.00,0.00,0.00,0,0,0.00,0.00,0,0
1535660482,s3-eth2,150294.00,6154410.00,6304704.00,6154410,150294,2031.00,4065.00,6096.00,4065,2031,0.00,0.00,0,0
1535660482,s3-eth1,6152896.00,150220.00,6303116.00,150220,6152896,4064.00,2030.00,6094.00,2030,4064,0.00,0.00,0,0
1535660482,total,18903366.00,18909422.00,37812788.00,18909422,18903366,18279.00,18283.00,36562.00,18283,18279,0.00,0.00,0,0
1535660483,s1,0.00,0.00,0.00,0,0,0.00,0.00,0.00,0,0,0.00,0.00,0,0
1535660483,eth0,0.00,0.00,0.00,0,0,0.00,0.00,0.00,0,0,0.00,0.00,0,0
1535660483,eth1,0.00,0.00,0.00,0,0,0.00,0.00,0.00,0,0,0.00,0.00,0,0
1535660483,s2,0.00,0.00,0.00,0,0,0.00,0.00,0.00,0,0,0.00,0.00,0,0
1535660483,s1-eth2,152810.00,6251306.00,6404116.00,6251306,152810,2065.00,4129.00,6194.00,4129,2065,0.00,0.00,0,0
1535660483,s1-eth1,6251306.00,152810.00,6404116.00,152810,6251306,4129.00,2065.00,6194.00,2065,4129,0.00,0.00,0,0
1535660483,s3,0.00,0.00,0.00,0,0,0.00,0.00,0.00,0,0,0.00,0.00,0,0
1535660483,s2-eth2,152810.00,6251306.00,6404116.00,6251306,152810,2065.00,4129.00,6194.00,4129,2065,0.00,0.00,0,0
1535660483,s2-eth1,6251306.00,152810.00,6404116.00,152810,6251306,4129.00,2065.00,6194.00,2065,4129,0.00,0.00,0,0
1535660483,lo,0.00,0.00,0.00,0,0,0.00,0.00,0.00,0,0,0.00,0.00,0,0
1535660483,s3-eth2,152736.00,6251306.00,6404042.00,6251306,152736,2064.00,4129.00,6193.00,4129,2064,0.00,0.00,0,0
1535660483,s3-eth1,6251306.00,152810.00,6404116.00,152810,6251306,4129.00,2065.00,6194.00,2065,4129,0.00,0.00,0,0
1535660483,total,19212274.00,19212348.00,38424624.00,19212348,19212274,18581.00,18582.00,37163.00,18582,18581,0.00,0.00,0,0
1535660484,s1,0.00,0.00,0.00,0,0,0.00,0.00,0.00,0,0,0.00,0.00,0,0
1535660484,eth0,0.00,0.00,0.00,0,0,0.00,0.00,0.00,0,0,0.00,0.00,0,0
1535660484,eth1,0.00,0.00,0.00,0,0,0.00,0.00,0.00,0,0,0.00,0.00,0,0
1535660484,s2,0.00,0.00,0.00,0,0,0.00,0.00,0.00,0,0,0.00,0.00,0,0
1535660484,s1-eth2,151330.00,6192260.00,6343590.00,6192260,151330,2045.00,4090.00,6135.00,4090,2045,0.00,0.00,0,0
1535660484,s1-eth1,6192260.00,151330.00,6343590.00,151330,6192260,4090.00,2045.00,6135.00,2045,4090,0.00,0.00,0,0
1535660484,s3,0.00,0.00,0.00,0,0,0.00,0.00,0.00,0,0,0.00,0.00,0,0
1535660484,s2-eth2,151330.00,6193774.00,6345104.00,6193774,151330,2045.00,4091.00,6136.00,4091,2045,0.00,0.00,0,0
1535660484,s2-eth1,6192260.00,151330.00,6343590.00,151330,6192260,4090.00,2045.00,6135.00,2045,4090,0.00,0.00,0,0
1535660484,lo,344.00,344.00,688.00,344,344,6.00,6.00,12.00,6,6,0.00,0.00,0,0
1535660484,s3-eth2,151672.00,6193774.00,6345446.00,6193774,151672,2046.00,4091.00,6137.00,4091,2046,0.00,0.00,0,0
1535660484,s3-eth1,6193774.00,151330.00,6345104.00,151330,6193774,4091.00,2045.00,6136.00,2045,4091,0.00,0.00,0,0
1535660484,total,19032970.00,19034142.00,38067112.00,19034142,19032970,18413.00,18413.00,36826.00,18413,18413,0.00,0.00,0,0
1535660485,s1,0.00,0.00,0.00,0,0,0.00,0.00,0.00,0,0,0.00,0.00,0,0
1535660485,eth0,0.00,0.00,0.00,0,0,0.00,0.00,0.00,0,0,0.00,0.00,0,0
1535660485,eth1,0.00,0.00,0.00,0,0,0.00,0.00,0.00,0,0,0.00,0.00,0,0
1535660485,s2,0.00,0.00,0.00,0,0,0.00,0.00,0.00,0,0,0.00,0.00,0,0
1535660485,s1-eth2,147926.00,6056000.00,6203926.00,6056000,147926,1999.00,4000.00,5999.00,4000,1999,0.00,0.00,0,0
1535660485,s1-eth1,6054486.00,147926.00,6202412.00,147926,6054486,3999.00,1999.00,5998.00,1999,3999,0.00,0.00,0,0
1535660485,s3,0.00,0.00,0.00,0,0,0.00,0.00,0.00,0,0,0.00,0.00,0,0
1535660485,s2-eth2,147852.00,6059028.00,6206880.00,6059028,147852,1998.00,4002.00,6000.00,4002,1998,0.00,0.00,0,0
1535660485,s2-eth1,6056000.00,147926.00,6203926.00,147926,6056000,4000.00,1999.00,5999.00,1999,4000,0.00,0.00,0,0
1535660485,lo,172.00,172.00,344.00,172,172,3.00,3.00,6.00,3,3,0.00,0.00,0,0
1535660485,s3-eth2,147926.00,6060542.00,6208468.00,6060542,147926,1999.00,4003.00,6002.00,4003,1999,0.00,0.00,0,0
1535660485,s3-eth1,6059028.00,147852.00,6206880.00,147852,6059028,4002.00,1998.00,6000.00,1998,4002,0.00,0.00,0,0
1535660485,total,18613390.00,18619446.00,37232836.00,18619446,18613390,18000.00,18004.00,36004.00,18004,18000,0.00,0.00,0,0
1535660486,s1,0.00,342.00,342.00,342,0,0.00,1.00,1.00,1,0,0.00,0.00,0,0
1535660486,eth0,0.00,0.00,0.00,0,0,0.00,0.00,0.00,0,0,0.00,0.00,0,0
1535660486,eth1,0.00,0.00,0.00,0,0,0.00,0.00,0.00,0,0,0.00,0.00,0,0
1535660486,s2,0.00,342.00,342.00,342,0,0.00,1.00,1.00,1,0,0.00,0.00,0,0
1535660486,s1-eth2,148074.00,6059370.00,6207444.00,6059370,148074,2001.00,4003.00,6004.00,4003,2001,0.00,0.00,0,0
1535660486,s1-eth1,6059370.00,148074.00,6207444.00,148074,6059370,4003.00,2001.00,6004.00,2001,4003,0.00,0.00,0,0
1535660486,s3,0.00,342.00,342.00,342,0,0.00,1.00,1.00,1,0,0.00,0.00,0,0
1535660486,s2-eth2,148564.00,6059370.00,6207934.00,6059370,148564,2004.00,4003.00,6007.00,4003,2004,0.00,0.00,0,0
1535660486,s2-eth1,6059370.00,148074.00,6207444.00,148074,6059370,4003.00,2001.00,6004.00,2001,4003,0.00,0.00,0,0
1535660486,lo,978.00,978.00,1956.00,978,978,9.00,9.00,18.00,9,9,0.00,0.00,0,0
1535660486,s3-eth2,148490.00,6059028.00,6207518.00,6059028,148490,2003.00,4002.00,6005.00,4002,2003,0.00,0.00,0,0
1535660486,s3-eth1,6059370.00,148564.00,6207934.00,148564,6059370,4003.00,2004.00,6007.00,2004,4003,0.00,0.00,0,0
1535660486,total,18624216.00,18624484.00,37248700.00,18624484,18624216,18026.00,18026.00,36052.00,18026,18026,0.00,0.00,0,0
1535660487,s1,0.00,0.00,0.00,0,0,0.00,0.00,0.00,0,0,0.00,0.00,0,0
1535660487,eth0,0.00,0.00,0.00,0,0,0.00,0.00,0.00,0,0,0.00,0.00,0,0
1535660487,eth1,0.00,0.00,0.00,0,0,0.00,0.00,0.00,0,0,0.00,0.00,0,0
1535660487,s2,0.00,0.00,0.00,0,0,0.00,0.00,0.00,0,0,0.00,0.00,0,0
1535660487,s1-eth2,149554.00,6118074.00,6267628.00,6118074,149554,2021.00,4041.00,6062.00,4041,2021,0.00,0.00,0,0
1535660487,s1-eth1,6118074.00,149554.00,6267628.00,149554,6118074,4041.00,2021.00,6062.00,2021,4041,0.00,0.00,0,0
1535660487,s3,0.00,0.00,0.00,0,0,0.00,0.00,0.00,0,0,0.00,0.00,0,0
1535660487,s2-eth2,149480.00,6118074.00,6267554.00,6118074,149480,2020.00,4041.00,6061.00,4041,2020,0.00,0.00,0,0
1535660487,s2-eth1,6118074.00,149554.00,6267628.00,149554,6118074,4041.00,2021.00,6062.00,2021,4041,0.00,0.00,0,0
1535660487,lo,0.00,0.00,0.00,0,0,0.00,0.00,0.00,0,0,0.00,0.00,0,0
1535660487,s3-eth2,149554.00,6118074.00,6267628.00,6118074,149554,2021.00,4041.00,6062.00,4041,2021,0.00,0.00,0,0
1535660487,s3-eth1,6118074.00,149480.00,6267554.00,149480,6118074,4041.00,2020.00,6061.00,2020,4041,0.00,0.00,0,0
1535660487,total,18802810.00,18802810.00,37605620.00,18802810,18802810,18185.00,18185.00,36370.00,18185,18185,0.00,0.00,0,0
1535660488,s1,0.00,0.00,0.00,0,0,0.00,0.00,0.00,0,0,0.00,0.00,0,0
1535660488,eth0,0.00,0.00,0.00,0,0,0.00,0.00,0.00,0,0,0.00,0.00,0,0
1535660488,eth1,0.00,0.00,0.00,0,0,0.00,0.00,0.00,0,0,0.00,0.00,0,0
1535660488,s2,0.00,0.00,0.00,0,0,0.00,0.00,0.00,0,0,0.00,0.00,0,0
1535660488,s1-eth2,152218.00,6230110.00,6382328.00,6230110,152218,2057.00,4115.00,6172.00,4115,2057,0.00,0.00,0,0
1535660488,s1-eth1,6228938.00,152218.00,6381156.00,152218,6228938,4115.00,2057.00,6172.00,2057,4115,0.00,0.00,0,0
1535660488,s3,0.00,0.00,0.00,0,0,0.00,0.00,0.00,0,0,0.00,0.00,0,0
1535660488,s2-eth2,152218.00,6230110.00,6382328.00,6230110,152218,2057.00,4115.00,6172.00,4115,2057,0.00,0.00,0,0
1535660488,s2-eth1,6230110.00,152218.00,6382328.00,152218,6230110,4115.00,2057.00,6172.00,2057,4115,0.00,0.00,0,0
1535660488,lo,0.00,0.00,0.00,0,0,0.00,0.00,0.00,0,0,0.00,0.00,0,0
1535660488,s3-eth2,152218.00,6230110.00,6382328.00,6230110,152218,2057.00,4115.00,6172.00,4115,2057,0.00,0.00,0,0
1535660488,s3-eth1,6230110.00,152218.00,6382328.00,152218,6230110,4115.00,2057.00,6172.00,2057,4115,0.00,0.00,0,0
1535660488,total,19145812.00,19146984.00,38292796.00,19146984,19145812,18516.00,18516.00,37032.00,18516,18516,0.00,0.00,0,0
1535660489,s1,0.00,0.00,0.00,0,0,0.00,0.00,0.00,0,0,0.00,0.00,0,0
1535660489,eth0,0.00,0.00,0.00,0,0,0.00,0.00,0.00,0,0,0.00,0.00,0,0
1535660489,eth1,0.00,86.00,86.00,86,0,0.00,1.00,1.00,1,0,0.00,0.00,0,0
1535660489,s2,0.00,0.00,0.00,0,0,0.00,0.00,0.00,0,0,0.00,0.00,0,0
1535660489,s1-eth2,152810.00,6251306.00,6404116.00,6251306,152810,2065.00,4129.00,6194.00,4129,2065,0.00,0.00,0,0
1535660489,s1-eth1,6252820.00,152736.00,6405556.00,152736,6252820,4130.00,2064.00,6194.00,2064,4130,0.00,0.00,0,0
1535660489,s3,0.00,0.00,0.00,0,0,0.00,0.00,0.00,0,0,0.00,0.00,0,0
1535660489,s2-eth2,152810.00,6251306.00,6404116.00,6251306,152810,2065.00,4129.00,6194.00,4129,2065,0.00,0.00,0,0
1535660489,s2-eth1,6251306.00,152810.00,6404116.00,152810,6251306,4129.00,2065.00,6194.00,2065,4129,0.00,0.00,0,0
1535660489,lo,0.00,0.00,0.00,0,0,0.00,0.00,0.00,0,0,0.00,0.00,0,0
1535660489,s3-eth2,152736.00,6251306.00,6404042.00,6251306,152736,2064.00,4129.00,6193.00,4129,2064,0.00,0.00,0,0
1535660489,s3-eth1,6251306.00,152810.00,6404116.00,152810,6251306,4129.00,2065.00,6194.00,2065,4129,0.00,0.00,0,0
1535660489,total,19213788.00,19212360.00,38426148.00,19212360,19213788,18582.00,18582.00,37164.00,18582,18582,0.00,0.00,0,0
1535660490,s1,0.00,0.00,0.00,0,0,0.00,0.00,0.00,0,0,0.00,0.00,0,0
1535660490,eth0,0.00,0.00,0.00,0,0,0.00,0.00,0.00,0,0,0.00,0.00,0,0
1535660490,eth1,0.00,0.00,0.00,0,0,0.00,0.00,0.00,0,0,0.00,0.00,0,0
1535660490,s2,0.00,0.00,0.00,0,0,0.00,0.00,0.00,0,0,0.00,0.00,0,0
1535660490,s1-eth2,150886.00,6175606.00,6326492.00,6175606,150886,2039.00,4079.00,6118.00,4079,2039,0.00,0.00,0,0
1535660490,s1-eth1,6174092.00,150886.00,6324978.00,150886,6174092,4078.00,2039.00,6117.00,2039,4078,0.00,0.00,0,0
1535660490,s3,0.00,0.00,0.00,0,0,0.00,0.00,0.00,0,0,0.00,0.00,0,0
1535660490,s2-eth2,150886.00,6177120.00,6328006.00,6177120,150886,2039.00,4080.00,6119.00,4080,2039,0.00,0.00,0,0
1535660490,s2-eth1,6177120.00,150886.00,6328006.00,150886,6177120,4080.00,2039.00,6119.00,2039,4080,0.00,0.00,0,0
1535660490,lo,0.00,0.00,0.00,0,0,0.00,0.00,0.00,0,0,0.00,0.00,0,0
1535660490,s3-eth2,150960.00,6175606.00,6326566.00,6175606,150960,2040.00,4079.00,6119.00,4079,2040,0.00,0.00,0,0
1535660490,s3-eth1,6177120.00,150886.00,6328006.00,150886,6177120,4080.00,2039.00,6119.00,2039,4080,0.00,0.00,0,0
1535660490,total,18981064.00,18980990.00,37962056.00,18980990,18981064,18356.00,18355.00,36711.00,18355,18356,0.00,0.00,0,0
1535660491,s1,0.00,0.00,0.00,0,0,0.00,0.00,0.00,0,0,0.00,0.00,0,0
1535660491,eth0,0.00,0.00,0.00,0,0,0.00,0.00,0.00,0,0,0.00,0.00,0,0
1535660491,eth1,0.00,0.00,0.00,0,0,0.00,0.00,0.00,0,0,0.00,0.00,0,0
1535660491,s2,0.00,342.00,342.00,342,0,0.00,1.00,1.00,1,0,0.00,0.00,0,0
1535660491,s1-eth2,151672.00,6195288.00,6346960.00,6195288,151672,2046.00,4092.00,6138.00,4092,2046,0.00,0.00,0,0
1535660491,s1-eth1,6193774.00,151404.00,6345178.00,151404,6193774,4091.00,2046.00,6137.00,2046,4091,0.00,0.00,0,0
1535660491,s3,0.00,342.00,342.00,342,0,0.00,1.00,1.00,1,0,0.00,0.00,0,0
1535660491,s2-eth2,151672.00,6192260.00,6343932.00,6192260,151672,2046.00,4090.00,6136.00,4090,2046,0.00,0.00,0,0
1535660491,s2-eth1,6193774.00,151672.00,6345446.00,151672,6193774,4091.00,2046.00,6137.00,2046,4091,0.00,0.00,0,0
1535660491,lo,824.00,824.00,1648.00,824,824,9.00,9.00,18.00,9,9,0.00,0.00,0,0
1535660491,s3-eth2,151672.00,6192260.00,6343932.00,6192260,151672,2046.00,4090.00,6136.00,4090,2046,0.00,0.00,0,0
1535660491,s3-eth1,6192260.00,151672.00,6343932.00,151672,6192260,4090.00,2046.00,6136.00,2046,4090,0.00,0.00,0,0
1535660491,total,19035648.00,19036064.00,38071712.00,19036064,19035648,18419.00,18421.00,36840.00,18421,18419,0.00,0.00,0,0
1535660492,s1,0.00,0.00,0.00,0,0,0.00,0.00,0.00,0,0,0.00,0.00,0,0
1535660492,eth0,0.00,0.00,0.00,0,0,0.00,0.00,0.00,0,0,0.00,0.00,0,0
1535660492,eth1,0.00,0.00,0.00,0,0,0.00,0.00,0.00,0,0,0.00,0.00,0,0
1535660492,s2,0.00,0.00,0.00,0,0,0.00,0.00,0.00,0,0,0.00,0.00,0,0
1535660492,s1-eth2,148814.00,6090822.00,6239636.00,6090822,148814,2011.00,4023.00,6034.00,4023,2011,0.00,0.00,0,0
1535660492,s1-eth1,6089308.00,148814.00,6238122.00,148814,6089308,4022.00,2011.00,6033.00,2011,4022,0.00,0.00,0,0
1535660492,s3,0.00,0.00,0.00,0,0,0.00,0.00,0.00,0,0,0.00,0.00,0,0
1535660492,s2-eth2,148888.00,6089308.00,6238196.00,6089308,148888,2012.00,4022.00,6034.00,4022,2012,0.00,0.00,0,0
1535660492,s2-eth1,6090822.00,148814.00,6239636.00,148814,6090822,4023.00,2011.00,6034.00,2011,4023,0.00,0.00,0,0
1535660492,lo,0.00,0.00,0.00,0,0,0.00,0.00,0.00,0,0,0.00,0.00,0,0
1535660492,s3-eth2,148814.00,6090822.00,6239636.00,6090822,148814,2011.00,4023.00,6034.00,4023,2011,0.00,0.00,0,0
1535660492,s3-eth1,6089308.00,148888.00,6238196.00,148888,6089308,4022.00,2012.00,6034.00,2012,4022,0.00,0.00,0,0
1535660492,total,18715954.00,18717468.00,37433424.00,18717468,18715954,18101.00,18102.00,36203.00,18102,18101,0.00,0.00,0,0
1535660493,s1,0.00,0.00,0.00,0,0,0.00,0.00,0.00,0,0,0.00,0.00,0,0
1535660493,eth0,0.00,0.00,0.00,0,0,0.00,0.00,0.00,0,0,0.00,0.00,0,0
1535660493,eth1,0.00,0.00,0.00,0,0,0.00,0.00,0.00,0,0,0.00,0.00,0,0
1535660493,s2,0.00,0.00,0.00,0,0,0.00,0.00,0.00,0,0,0.00,0.00,0,0
1535660493,s1-eth2,152736.00,6248278.00,6401014.00,6248278,152736,2064.00,4127.00,6191.00,4127,2064,0.00,0.00,0,0
1535660493,s1-eth1,6248278.00,152662.00,6400940.00,152662,6248278,4127.00,2063.00,6190.00,2063,4127,0.00,0.00,0,0
1535660493,s3,0.00,0.00,0.00,0,0,0.00,0.00,0.00,0,0,0.00,0.00,0,0
1535660493,s2-eth2,152662.00,6248278.00,6400940.00,6248278,152662,2063.00,4127.00,6190.00,4127,2063,0.00,0.00,0,0
1535660493,s2-eth1,6248278.00,152736.00,6401014.00,152736,6248278,4127.00,2064.00,6191.00,2064,4127,0.00,0.00,0,0
1535660493,lo,0.00,0.00,0.00,0,0,0.00,0.00,0.00,0,0,0.00,0.00,0,0
1535660493,s3-eth2,152662.00,6248278.00,6400940.00,6248278,152662,2063.00,4127.00,6190.00,4127,2063,0.00,0.00,0,0
1535660493,s3-eth1,6248278.00,152662.00,6400940.00,152662,6248278,4127.00,2063.00,6190.00,2063,4127,0.00,0.00,0,0
1535660493,total,19202894.00,19202894.00,38405788.00,19202894,19202894,18571.00,18571.00,37142.00,18571,18571,0.00,0.00,0,0
1535660494,s1,0.00,0.00,0.00,0,0,0.00,0.00,0.00,0,0,0.00,0.00,0,0
1535660494,eth0,0.00,0.00,0.00,0,0,0.00,0.00,0.00,0,0,0.00,0.00,0,0
1535660494,eth1,0.00,0.00,0.00,0,0,0.00,0.00,0.00,0,0,0.00,0.00,0,0
1535660494,s2,0.00,0.00,0.00,0,0,0.00,0.00,0.00,0,0,0.00,0.00,0,0
1535660494,s1-eth2,151108.00,6181662.00,6332770.00,6181662,151108,2042.00,4083.00,6125.00,4083,2042,0.00,0.00,0,0
1535660494,s1-eth1,6183176.00,151182.00,6334358.00,151182,6183176,4084.00,2043.00,6127.00,2043,4084,0.00,0.00,0,0
1535660494,s3,0.00,0.00,0.00,0,0,0.00,0.00,0.00,0,0,0.00,0.00,0,0
1535660494,s2-eth2,151108.00,6183176.00,6334284.00,6183176,151108,2042.00,4084.00,6126.00,4084,2042,0.00,0.00,0,0
1535660494,s2-eth1,6181662.00,151108.00,6332770.00,151108,6181662,4083.00,2042.00,6125.00,2042,4083,0.00,0.00,0,0
1535660494,lo,0.00,0.00,0.00,0,0,0.00,0.00,0.00,0,0,0.00,0.00,0,0
1535660494,s3-eth2,151108.00,6186204.00,6337312.00,6186204,151108,2042.00,4086.00,6128.00,4086,2042,0.00,0.00,0,0
1535660494,s3-eth1,6183176.00,151108.00,6334284.00,151108,6183176,4084.00,2042.00,6126.00,2042,4084,0.00,0.00,0,0
1535660494,total,19001338.00,19004440.00,38005776.00,19004440,19001338,18377.00,18380.00,36757.00,18380,18377,0.00,0.00,0,0
1535660495,s1,0.00,0.00,0.00,0,0,0.00,0.00,0.00,0,0,0.00,0.00,0,0
1535660495,eth0,0.00,0.00,0.00,0,0,0.00,0.00,0.00,0,0,0.00,0.00,0,0
1535660495,eth1,0.00,0.00,0.00,0,0,0.00,0.00,0.00,0,0,0.00,0.00,0,0
1535660495,s2,0.00,0.00,0.00,0,0,0.00,0.00,0.00,0,0,0.00,0.00,0,0
1535660495,s1-eth2,148444.00,6075682.00,6224126.00,6075682,148444,2006.00,4013.00,6019.00,4013,2006,0.00,0.00,0,0
1535660495,s1-eth1,6075682.00,148370.00,6224052.00,148370,6075682,4013.00,2005.00,6018.00,2005,4013,0.00,0.00,0,0
1535660495,s3,0.00,342.00,342.00,342,0,0.00,1.00,1.00,1,0,0.00,0.00,0,0
1535660495,s2-eth2,148860.00,6075682.00,6224542.00,6075682,148860,2008.00,4013.00,6021.00,4013,2008,0.00,0.00,0,0
1535660495,s2-eth1,6075682.00,148444.00,6224126.00,148444,6075682,4013.00,2006.00,6019.00,2006,4013,0.00,0.00,0,0
1535660495,lo,498.00,498.00,996.00,498,498,6.00,6.00,12.00,6,6,0.00,0.00,0,0
1535660495,s3-eth2,149202.00,6077196.00,6226398.00,6077196,149202,2009.00,4014.00,6023.00,4014,2009,0.00,0.00,0,0
1535660495,s3-eth1,6075682.00,148860.00,6224542.00,148860,6075682,4013.00,2008.00,6021.00,2008,4013,0.00,0.00,0,0
1535660495,total,18674050.00,18675074.00,37349124.00,18675074,18674050,18068.00,18066.00,36134.00,18066,18068,0.00,0.00,0,0
1535660496,s1,0.00,0.00,0.00,0,0,0.00,0.00,0.00,0,0,0.00,0.00,0,0
1535660496,eth0,0.00,0.00,0.00,0,0,0.00,0.00,0.00,0,0,0.00,0.00,0,0
1535660496,eth1,0.00,0.00,0.00,0,0,0.00,0.00,0.00,0,0,0.00,0.00,0,0
1535660496,s2,0.00,0.00,0.00,0,0,0.00,0.00,0.00,0,0,0.00,0.00,0,0
1535660496,s1-eth2,151848.00,6210428.00,6362276.00,6210428,151848,2052.00,4102.00,6154.00,4102,2052,0.00,0.00,0,0
1535660496,s1-eth1,6211942.00,151848.00,6363790.00,151848,6211942,4103.00,2052.00,6155.00,2052,4103,0.00,0.00,0,0
1535660496,s3,0.00,0.00,0.00,0,0,0.00,0.00,0.00,0,0,0.00,0.00,0,0
1535660496,s2-eth2,151700.00,6214970.00,6366670.00,6214970,151700,2050.00,4105.00,6155.00,4105,2050,0.00,0.00,0,0
1535660496,s2-eth1,6210428.00,151848.00,6362276.00,151848,6210428,4102.00,2052.00,6154.00,2052,4102,0.00,0.00,0,0
1535660496,lo,172.00,172.00,344.00,172,172,3.00,3.00,6.00,3,3,0.00,0.00,0,0
1535660496,s3-eth2,151774.00,6211942.00,6363716.00,6211942,151774,2051.00,4103.00,6154.00,4103,2051,0.00,0.00,0,0
1535660496,s3-eth1,6214970.00,151700.00,6366670.00,151700,6214970,4105.00,2050.00,6155.00,2050,4105,0.00,0.00,0,0
1535660496,total,19092834.00,19092908.00,38185744.00,19092908,19092834,18466.00,18467.00,36933.00,18467,18466,0.00,0.00,0,0
1535660497,s1,0.00,0.00,0.00,0,0,0.00,0.00,0.00,0,0,0.00,0.00,0,0
1535660497,eth0,0.00,0.00,0.00,0,0,0.00,0.00,0.00,0,0,0.00,0.00,0,0
1535660497,eth1,0.00,0.00,0.00,0,0,0.00,0.00,0.00,0,0,0.00,0.00,0,0
1535660497,s2,0.00,0.00,0.00,0,0,0.00,0.00,0.00,0,0,0.00,0.00,0,0
1535660497,s1-eth2,150886.00,6171064.00,6321950.00,6171064,150886,2039.00,4076.00,6115.00,4076,2039,0.00,0.00,0,0
1535660497,s1-eth1,6174092.00,150960.00,6325052.00,150960,6174092,4078.00,2040.00,6118.00,2040,4078,0.00,0.00,0,0
1535660497,s3,0.00,0.00,0.00,0,0,0.00,0.00,0.00,0,0,0.00,0.00,0,0
1535660497,s2-eth2,150960.00,6161980.00,6312940.00,6161980,150960,2040.00,4070.00,6110.00,4070,2040,0.00,0.00,0,0
1535660497,s2-eth1,6171064.00,150886.00,6321950.00,150886,6171064,4076.00,2039.00,6115.00,2039,4076,0.00,0.00,0,0
1535660497,lo,0.00,0.00,0.00,0,0,0.00,0.00,0.00,0,0,0.00,0.00,0,0
1535660497,s3-eth2,150886.00,6158952.00,6309838.00,6158952,150886,2039.00,4068.00,6107.00,4068,2039,0.00,0.00,0,0
1535660497,s3-eth1,6161980.00,150960.00,6312940.00,150960,6161980,4070.00,2040.00,6110.00,2040,4070,0.00,0.00,0,0
1535660497,total,18959868.00,18944802.00,37904672.00,18944802,18959868,18342.00,18333.00,36675.00,18333,18342,0.00,0.00,0,0
1535660498,s1,0.00,690.00,690.00,690,0,0.00,5.00,5.00,5,0,0.00,0.00,0,0
1535660498,eth0,2164.00,7310.00,9474.00,7310,2164,22.00,21.00,43.00,21,22,0.00,0.00,0,0
1535660498,eth1,0.00,0.00,0.00,0,0,0.00,0.00,0.00,0,0,0.00,0.00,0,0
1535660498,s2,0.00,1032.00,1032.00,1032,0,0.00,6.00,6.00,6,0,0.00,0.00,0,0
1535660498,s1-eth2,138944.00,5661578.00,5800522.00,5661578,138944,1874.00,3745.00,5619.00,3745,1874,0.00,0.00,0,0
1535660498,s1-eth1,5661932.00,138422.00,5800354.00,138422,5661932,3746.00,1871.00,5617.00,1871,3746,0.00,0.00,0,0
1535660498,s3,0.00,1122.00,1122.00,1122,0,0.00,7.00,7.00,7,0,0.00,0.00,0,0
1535660498,s2-eth2,139544.00,5664426.00,5803970.00,5664426,139544,1878.00,3745.00,5623.00,3745,1878,0.00,0.00,0,0
1535660498,s2-eth1,5661578.00,138944.00,5800522.00,138944,5661578,3745.00,1874.00,5619.00,1874,3745,0.00,0.00,0,0
1535660498,lo,13016.00,13016.00,26032.00,13016,13016,93.00,93.00,186.00,93,93,0.00,0.00,0,0
1535660498,s3-eth2,139618.00,5669972.00,5809590.00,5669972,139618,1879.00,3746.00,5625.00,3746,1879,0.00,0.00,0,0
1535660498,s3-eth1,5664426.00,139544.00,5803970.00,139544,5664426,3745.00,1878.00,5623.00,1878,3745,0.00,0.00,0,0
1535660498,total,17421222.00,17436056.00,34857280.00,17436056,17421222,16982.00,16991.00,33973.00,16991,16982,0.00,0.00,0,0
1535660499,s1,0.00,328.00,328.00,328,0,0.00,4.00,4.00,4,0,0.00,0.00,0,0
1535660499,eth0,608.00,2708.00,3316.00,2708,608,8.00,8.00,16.00,8,8,0.00,0.00,0,0
1535660499,eth1,0.00,0.00,0.00,0,0,0.00,0.00,0.00,0,0,0.00,0.00,0,0
1535660499,s2,0.00,328.00,328.00,328,0,0.00,4.00,4.00,4,0,0.00,0.00,0,0
1535660499,s1-eth2,145414.00,5957918.00,6103332.00,5957918,145414,1965.00,3939.00,5904.00,3939,1965,0.00,0.00,0,0
1535660499,s1-eth1,5954976.00,145558.00,6100534.00,145558,5954976,3938.00,1967.00,5905.00,1967,3938,0.00,0.00,0,0
1535660499,s3,0.00,238.00,238.00,238,0,0.00,3.00,3.00,3,0,0.00,0.00,0,0
1535660499,s2-eth2,145944.00,5957840.00,6103784.00,5957840,145944,1972.00,3938.00,5910.00,3938,1972,0.00,0.00,0,0
1535660499,s2-eth1,5959432.00,145710.00,6105142.00,145710,5959432,3940.00,1969.00,5909.00,1969,3940,0.00,0.00,0,0
1535660499,lo,6164.00,6164.00,12328.00,6164,6164,49.00,49.00,98.00,49,49,0.00,0.00,0,0
1535660499,s3-eth2,146450.00,5959104.00,6105554.00,5959104,146450,1975.00,3936.00,5911.00,3936,1975,0.00,0.00,0,0
1535660499,s3-eth1,5957840.00,145944.00,6103784.00,145944,5957840,3938.00,1972.00,5910.00,1972,3938,0.00,0.00,0,0
1535660499,total,18316828.00,18321840.00,36638668.00,18321840,18316828,17785.00,17789.00,35574.00,17789,17785,0.00,0.00,0,0
1535660500,s1,0.00,340.00,340.00,340,0,0.00,4.00,4.00,4,0,0.00,0.00,0,0
1535660500,eth0,456.00,2031.00,2487.00,2031,456,6.00,6.00,12.00,6,6,0.00,0.00,0,0
1535660500,eth1,0.00,0.00,0.00,0,0,0.00,0.00,0.00,0,0,0.00,0.00,0,0
1535660500,s2,0.00,340.00,340.00,340,0,0.00,4.00,4.00,4,0,0.00,0.00,0,0
1535660500,s1-eth2,150470.00,6139610.00,6290080.00,6139610,150470,2033.00,4059.00,6092.00,4059,2033,0.00,0.00,0,0
1535660500,s1-eth1,6142958.00,149998.00,6292956.00,149998,6142958,4065.00,2027.00,6092.00,2027,4065,0.00,0.00,0,0
1535660500,s3,0.00,340.00,340.00,340,0,0.00,4.00,4.00,4,0,0.00,0.00,0,0
1535660500,s2-eth2,150264.00,6140874.00,6291138.00,6140874,150264,2030.00,4057.00,6087.00,4057,2030,0.00,0.00,0,0
1535660500,s2-eth1,6138096.00,150174.00,6288270.00,150174,6138096,4058.00,2029.00,6087.00,2029,4058,0.00,0.00,0,0
1535660500,lo,5663.00,5663.00,11326.00,5663,5663,47.00,47.00,94.00,47,47,0.00,0.00,0,0
1535660500,s3-eth2,150284.00,6140784.00,6291068.00,6140784,150284,2030.00,4056.00,6086.00,4056,2030,0.00,0.00,0,0
1535660500,s3-eth1,6140874.00,150264.00,6291138.00,150264,6140874,4057.00,2030.00,6087.00,2030,4057,0.00,0.00,0,0
1535660500,total,18879064.00,18880418.00,37759484.00,18880418,18879065,18326.00,18323.00,36649.00,18323,18326,0.00,0.00,0,0
1535660501,s1,0.00,342.00,342.00,342,0,0.00,1.00,1.00,1,0,0.00,0.00,0,0
1535660501,eth0,152.00,677.00,829.00,677,152,2.00,2.00,4.00,2,2,0.00,0.00,0,0
1535660501,eth1,0.00,0.00,0.00,0,0,0.00,0.00,0.00,0,0,0.00,0.00,0,0
1535660501,s2,0.00,684.00,684.00,684,0,0.00,2.00,2.00,2,0,0.00,0.00,0,0
1535660501,s1-eth2,148712.00,6066940.00,6215652.00,6066940,148712,2006.00,4008.00,6014.00,4008,2006,0.00,0.00,0,0
1535660501,s1-eth1,6067030.00,148296.00,6215326.00,148296,6067030,4009.00,2004.00,6013.00,2004,4009,0.00,0.00,0,0
1535660501,s3,0.00,684.00,684.00,684,0,0.00,2.00,2.00,2,0,0.00,0.00,0,0
1535660501,s2-eth2,148980.00,6066940.00,6215920.00,6066940,148980,2006.00,4008.00,6014.00,4008,2006,0.00,0.00,0,0
1535660501,s2-eth1,6066940.00,148712.00,6215652.00,148712,6066940,4008.00,2006.00,6014.00,2006,4008,0.00,0.00,0,0
1535660501,lo,2403.00,2403.00,4806.00,2403,2403,19.00,19.00,38.00,19,19,0.00,0.00,0,0
1535660501,s3-eth2,148888.00,6065084.00,6213972.00,6065084,148888,2008.00,4006.00,6014.00,4006,2008,0.00,0.00,0,0
1535660501,s3-eth1,6066940.00,148980.00,6215920.00,148980,6066940,4008.00,2006.00,6014.00,2006,4008,0.00,0.00,0,0
1535660501,total,18650044.00,18649742.00,37299788.00,18649742,18650045,18066.00,18064.00,36130.00,18064,18066,0.00,0.00,0,0
1535660502,s1,0.00,0.00,0.00,0,0,0.00,0.00,0.00,0,0,0.00,0.00,0,0
1535660502,eth0,152.00,677.00,829.00,677,152,2.00,2.00,4.00,2,2,0.00,0.00,0,0
1535660502,eth1,0.00,0.00,0.00,0,0,0.00,0.00,0.00,0,0,0.00,0.00,0,0
1535660502,s2,0.00,0.00,0.00,0,0,0.00,0.00,0.00,0,0,0.00,0.00,0,0
1535660502,s1-eth2,150368.00,6158952.00,6309320.00,6158952,150368,2032.00,4068.00,6100.00,4068,2032,0.00,0.00,0,0
1535660502,s1-eth1,6157780.00,150442.00,6308222.00,150442,6157780,4068.00,2033.00,6101.00,2033,4068,0.00,0.00,0,0
1535660502,s3,0.00,0.00,0.00,0,0,0.00,0.00,0.00,0,0,0.00,0.00,0,0
1535660502,s2-eth2,150442.00,6158952.00,6309394.00,6158952,150442,2033.00,4068.00,6101.00,4068,2033,0.00,0.00,0,0
1535660502,s2-eth1,6158952.00,150368.00,6309320.00,150368,6158952,4068.00,2032.00,6100.00,2032,4068,0.00,0.00,0,0
1535660502,lo,773.00,773.00,1546.00,773,773,4.00,4.00,8.00,4,4,0.00,0.00,0,0
1535660502,s3-eth2,151126.00,6160466.00,6311592.00,6160466,151126,2035.00,4069.00,6104.00,4069,2035,0.00,0.00,0,0
1535660502,s3-eth1,6158952.00,150442.00,6309394.00,150442,6158952,4068.00,2033.00,6101.00,2033,4068,0.00,0.00,0,0
1535660502,total,18928544.00,18931072.00,37859616.00,18931072,18928545,18310.00,18309.00,36619.00,18309,18310,0.00,0.00,0,0
1535660503,s1,0.00,70.00,70.00,70,0,0.00,1.00,1.00,1,0,0.00,0.00,0,0
1535660503,eth0,60.00,60.00,120.00,60,60,1.00,1.00,2.00,1,1,0.00,0.00,0,0
1535660503,eth1,0.00,0.00,0.00,0,0,0.00,0.00,0.00,0,0,0.00,0.00,0,0
1535660503,s2,0.00,70.00,70.00,70,0,0.00,1.00,1.00,1,0,0.00,0.00,0,0
1535660503,s1-eth2,150664.00,6157508.00,6308172.00,6157508,150664,2036.00,4068.00,6104.00,4068,2036,0.00,0.00,0,0
1535660503,s1-eth1,6160466.00,150590.00,6311056.00,150590,6160466,4069.00,2035.00,6104.00,2035,4069,0.00,0.00,0,0
1535660503,s3,0.00,70.00,70.00,70,0,0.00,1.00,1.00,1,0,0.00,0.00,0,0
1535660503,s2-eth2,150660.00,6155994.00,6306654.00,6155994,150660,2036.00,4067.00,6103.00,4067,2036,0.00,0.00,0,0
1535660503,s2-eth1,6157508.00,150664.00,6308172.00,150664,6157508,4068.00,2036.00,6104.00,2036,4068,0.00,0.00,0,0
1535660503,lo,804.00,804.00,1608.00,804,804,9.00,9.00,18.00,9,9,0.00,0.00,0,0
1535660503,s3-eth2,150734.00,6155924.00,6306658.00,6155924,150734,2037.00,4066.00,6103.00,4066,2037,0.00,0.00,0,0
1535660503,s3-eth1,6155994.00,150660.00,6306654.00,150660,6155994,4067.00,2036.00,6103.00,2036,4067,0.00,0.00,0,0
1535660503,total,18926890.00,18922414.00,37849304.00,18922414,18926890,18323.00,18321.00,36644.00,18321,18323,0.00,0.00,0,0
1535660504,s1,0.00,70.00,70.00,70,0,0.00,1.00,1.00,1,0,0.00,0.00,0,0
1535660504,eth0,0.00,0.00,0.00,0,0,0.00,0.00,0.00,0,0,0.00,0.00,0,0
1535660504,eth1,0.00,0.00,0.00,0,0,0.00,0.00,0.00,0,0,0.00,0.00,0,0
1535660504,s2,0.00,70.00,70.00,70,0,0.00,1.00,1.00,1,0,0.00,0.00,0,0
1535660504,s1-eth2,147330.00,6028818.00,6176148.00,6028818,147330,1991.00,3983.00,5974.00,3983,1991,0.00,0.00,0,0
1535660504,s1-eth1,6027444.00,147260.00,6174704.00,147260,6027444,3984.00,1990.00,5974.00,1990,3984,0.00,0.00,0,0
1535660504,s3,0.00,70.00,70.00,70,0,0.00,1.00,1.00,1,0,0.00,0.00,0,0
1535660504,s2-eth2,147330.00,6030262.00,6177592.00,6030262,147330,1991.00,3983.00,5974.00,3983,1991,0.00,0.00,0,0
1535660504,s2-eth1,6030332.00,147330.00,6177662.00,147330,6030332,3984.00,1991.00,5975.00,1991,3984,0.00,0.00,0,0
1535660504,lo,804.00,804.00,1608.00,804,804,9.00,9.00,18.00,9,9,0.00,0.00,0,0
1535660504,s3-eth2,147404.00,6031776.00,6179180.00,6031776,147404,1992.00,3984.00,5976.00,3984,1992,0.00,0.00,0,0
1535660504,s3-eth1,6030262.00,147330.00,6177592.00,147330,6030262,3983.00,1991.00,5974.00,1991,3983,0.00,0.00,0,0
1535660504,total,18530906.00,18533790.00,37064696.00,18533790,18530906,17934.00,17934.00,35868.00,17934,17934,0.00,0.00,0,0
1535660505,s1,0.00,0.00,0.00,0,0,0.00,0.00,0.00,0,0,0.00,0.00,0,0
1535660505,eth0,0.00,0.00,0.00,0,0,0.00,0.00,0.00,0,0,0.00,0.00,0,0
1535660505,eth1,0.00,0.00,0.00,0,0,0.00,0.00,0.00,0,0,0.00,0.00,0,0
1535660505,s2,0.00,342.00,342.00,342,0,0.00,1.00,1.00,1,0,0.00,0.00,0,0
1535660505,s1-eth2,152412.00,6222540.00,6374952.00,6222540,152412,2056.00,4110.00,6166.00,4110,2056,0.00,0.00,0,0
1535660505,s1-eth1,6222540.00,152144.00,6374684.00,152144,6222540,4110.00,2056.00,6166.00,2056,4110,0.00,0.00,0,0
1535660505,s3,0.00,342.00,342.00,342,0,0.00,1.00,1.00,1,0,0.00,0.00,0,0
1535660505,s2-eth2,152412.00,6221026.00,6373438.00,6221026,152412,2056.00,4109.00,6165.00,4109,2056,0.00,0.00,0,0
1535660505,s2-eth1,6221026.00,152412.00,6373438.00,152412,6221026,4109.00,2056.00,6165.00,2056,4109,0.00,0.00,0,0
1535660505,lo,652.00,652.00,1304.00,652,652,6.00,6.00,12.00,6,6,0.00,0.00,0,0
1535660505,s3-eth2,152408.00,6222540.00,6374948.00,6222540,152408,2056.00,4110.00,6166.00,4110,2056,0.00,0.00,0,0
1535660505,s3-eth1,6221026.00,152412.00,6373438.00,152412,6221026,4109.00,2056.00,6165.00,2056,4109,0.00,0.00,0,0
1535660505,total,19122476.00,19124410.00,38246888.00,19124410,19122476,18502.00,18505.00,37007.00,18505,18502,0.00,0.00,0,0
1535660506,s1,0.00,342.00,342.00,342,0,0.00,1.00,1.00,1,0,0.00,0.00,0,0
1535660506,eth0,0.00,0.00,0.00,0,0,0.00,0.00,0.00,0,0,0.00,0.00,0,0
1535660506,eth1,0.00,0.00,0.00,0,0,0.00,0.00,0.00,0,0,0.00,0.00,0,0
1535660506,s2,0.00,342.00,342.00,342,0,0.00,1.00,1.00,1,0,0.00,0.00,0,0
1535660506,s1-eth2,149776.00,6132042.00,6281818.00,6132042,149776,2024.00,4051.00,6075.00,4051,2024,0.00,0.00,0,0
1535660506,s1-eth1,6132042.00,149776.00,6281818.00,149776,6132042,4051.00,2024.00,6075.00,2024,4051,0.00,0.00,0,0
1535660506,s3,0.00,0.00,0.00,0,0,0.00,0.00,0.00,0,0,0.00,0.00,0,0
1535660506,s2-eth2,149776.00,6132042.00,6281818.00,6132042,149776,2024.00,4051.00,6075.00,4051,2024,0.00,0.00,0,0
1535660506,s2-eth1,6132042.00,149776.00,6281818.00,149776,6132042,4051.00,2024.00,6075.00,2024,4051,0.00,0.00,0,0
1535660506,lo,652.00,652.00,1304.00,652,652,6.00,6.00,12.00,6,6,0.00,0.00,0,0
1535660506,s3-eth2,150118.00,6133214.00,6283332.00,6133214,150118,2025.00,4051.00,6076.00,4051,2025,0.00,0.00,0,0
1535660506,s3-eth1,6132042.00,149776.00,6281818.00,149776,6132042,4051.00,2024.00,6075.00,2024,4051,0.00,0.00,0,0
1535660506,total,18846448.00,18847962.00,37694408.00,18847962,18846448,18232.00,18233.00,36465.00,18233,18232,0.00,0.00,0,0
1535660507,s1,0.00,0.00,0.00,0,0,0.00,0.00,0.00,0,0,0.00,0.00,0,0
1535660507,eth0,0.00,0.00,0.00,0,0,0.00,0.00,0.00,0,0,0.00,0.00,0,0
1535660507,eth1,0.00,0.00,0.00,0,0,0.00,0.00,0.00,0,0,0.00,0.00,0,0
1535660507,s2,0.00,70.00,70.00,70,0,0.00,1.00,1.00,1,0,0.00,0.00,0,0
1535660507,s1-eth2,150812.00,6165008.00,6315820.00,6165008,150812,2038.00,4072.00,6110.00,4072,2038,0.00,0.00,0,0
1535660507,s1-eth1,6165008.00,150738.00,6315746.00,150738,6165008,4072.00,2037.00,6109.00,2037,4072,0.00,0.00,0,0
1535660507,s3,0.00,70.00,70.00,70,0,0.00,1.00,1.00,1,0,0.00,0.00,0,0
1535660507,s2-eth2,150882.00,6163564.00,6314446.00,6163564,150882,2039.00,4072.00,6111.00,4072,2039,0.00,0.00,0,0
1535660507,s2-eth1,6165008.00,150812.00,6315820.00,150812,6165008,4072.00,2038.00,6110.00,2038,4072,0.00,0.00,0,0
1535660507,lo,536.00,536.00,1072.00,536,536,6.00,6.00,12.00,6,6,0.00,0.00,0,0
1535660507,s3-eth2,150808.00,6163494.00,6314302.00,6163494,150808,2038.00,4071.00,6109.00,4071,2038,0.00,0.00,0,0
1535660507,s3-eth1,6163564.00,150882.00,6314446.00,150882,6163564,4072.00,2039.00,6111.00,2039,4072,0.00,0.00,0,0
1535660507,total,18946618.00,18945174.00,37891792.00,18945174,18946618,18337.00,18337.00,36674.00,18337,18337,0.00,0.00,0,0
1535660508,s1,0.00,140.00,140.00,140,0,0.00,2.00,2.00,2,0,0.00,0.00,0,0
1535660508,eth0,0.00,0.00,0.00,0,0,0.00,0.00,0.00,0,0,0.00,0.00,0,0
1535660508,eth1,0.00,0.00,0.00,0,0,0.00,0.00,0.00,0,0,0.00,0.00,0,0
1535660508,s2,0.00,70.00,70.00,70,0,0.00,1.00,1.00,1,0,0.00,0.00,0,0
1535660508,s1-eth2,152066.00,6225708.00,6377774.00,6225708,152066,2055.00,4114.00,6169.00,4114,2055,0.00,0.00,0,0
1535660508,s1-eth1,6225778.00,152070.00,6377848.00,152070,6225778,4115.00,2055.00,6170.00,2055,4115,0.00,0.00,0,0
1535660508,s3,0.00,412.00,412.00,412,0,0.00,2.00,2.00,2,0,0.00,0.00,0,0
1535660508,s2-eth2,152482.00,6225568.00,6378050.00,6225568,152482,2057.00,4112.00,6169.00,4112,2057,0.00,0.00,0,0
1535660508,s2-eth1,6225708.00,152066.00,6377774.00,152066,6225708,4114.00,2055.00,6169.00,2055,4114,0.00,0.00,0,0
1535660508,lo,1398.00,1398.00,2796.00,1398,1398,15.00,15.00,30.00,15,15,0.00,0.00,0,0
1535660508,s3-eth2,152482.00,6227082.00,6379564.00,6227082,152482,2057.00,4113.00,6170.00,4113,2057,0.00,0.00,0,0
1535660508,s3-eth1,6225568.00,152482.00,6378050.00,152482,6225568,4112.00,2057.00,6169.00,2057,4112,0.00,0.00,0,0
1535660508,total,19135482.00,19136996.00,38272480.00,19136996,19135482,18525.00,18526.00,37051.00,18526,18525,0.00,0.00,0,0
1535660509,s1,0.00,342.00,342.00,342,0,0.00,1.00,1.00,1,0,0.00,0.00,0,0
1535660509,eth0,0.00,0.00,0.00,0,0,0.00,0.00,0.00,0,0,0.00,0.00,0,0
1535660509,eth1,0.00,0.00,0.00,0,0,0.00,0.00,0.00,0,0,0.00,0.00,0,0
1535660509,s2,0.00,342.00,342.00,342,0,0.00,1.00,1.00,1,0,0.00,0.00,0,0
1535660509,s1-eth2,152514.00,6239536.00,6392050.00,6239536,152514,2061.00,4122.00,6183.00,4122,2061,0.00,0.00,0,0
1535660509,s1-eth1,6239878.00,152514.00,6392392.00,152514,6239878,4123.00,2061.00,6184.00,2061,4123,0.00,0.00,0,0
1535660509,s3,0.00,0.00,0.00,0,0,0.00,0.00,0.00,0,0,0.00,0.00,0,0
1535660509,s2-eth2,152440.00,6239536.00,6391976.00,6239536,152440,2060.00,4122.00,6182.00,4122,2060,0.00,0.00,0,0
1535660509,s2-eth1,6239536.00,152514.00,6392050.00,152514,6239536,4122.00,2061.00,6183.00,2061,4122,0.00,0.00,0,0
1535660509,lo,652.00,652.00,1304.00,652,652,6.00,6.00,12.00,6,6,0.00,0.00,0,0
1535660509,s3-eth2,152510.00,6239194.00,6391704.00,6239194,152510,2061.00,4121.00,6182.00,4121,2061,0.00,0.00,0,0
1535660509,s3-eth1,6239536.00,152440.00,6391976.00,152440,6239536,4122.00,2060.00,6182.00,2060,4122,0.00,0.00,0,0
1535660509,total,19177066.00,19177070.00,38354136.00,19177070,19177066,18555.00,18555.00,37110.00,18555,18555,0.00,0.00,0,0
1535660510,s1,0.00,0.00,0.00,0,0,0.00,0.00,0.00,0,0,0.00,0.00,0,0
1535660510,eth0,0.00,0.00,0.00,0,0,0.00,0.00,0.00,0,0,0.00,0.00,0,0
1535660510,eth1,0.00,0.00,0.00,0,0,0.00,0.00,0.00,0,0,0.00,0.00,0,0
1535660510,s2,0.00,0.00,0.00,0,0,0.00,0.00,0.00,0,0,0.00,0.00,0,0
1535660510,s1-eth2,138010.00,5645706.00,5783716.00,5645706,138010,1865.00,3729.00,5594.00,3729,1865,0.00,0.00,0,0
1535660510,s1-eth1,5647220.00,138010.00,5785230.00,138010,5647220,3730.00,1865.00,5595.00,1865,3730,0.00,0.00,0,0
1535660510,s3,0.00,0.00,0.00,0,0,0.00,0.00,0.00,0,0,0.00,0.00,0,0
1535660510,s2-eth2,138084.00,5645706.00,5783790.00,5645706,138084,1866.00,3729.00,5595.00,3729,1866,0.00,0.00,0,0
1535660510,s2-eth1,5647220.00,138010.00,5785230.00,138010,5647220,3730.00,1865.00,5595.00,1865,3730,0.00,0.00,0,0
1535660510,lo,0.00,0.00,0.00,0,0,0.00,0.00,0.00,0,0,0.00,0.00,0,0
1535660510,s3-eth2,139638.00,5632080.00,5771718.00,5632080,139638,1887.00,3720.00,5607.00,3720,1887,0.00,0.00,0,0
1535660510,s3-eth1,5645706.00,138084.00,5783790.00,138084,5645706,3729.00,1866.00,5595.00,1866,3729,0.00,0.00,0,0
1535660510,total,17355878.00,17337596.00,34693472.00,17337596,17355878,16807.00,16774.00,33581.00,16774,16807,0.00,0.00,0,0
1535660511,s1,0.00,0.00,0.00,0,0,0.00,0.00,0.00,0,0,0.00,0.00,0,0
1535660511,eth0,0.00,0.00,0.00,0,0,0.00,0.00,0.00,0,0,0.00,0.00,0,0
1535660511,eth1,0.00,0.00,0.00,0,0,0.00,0.00,0.00,0,0,0.00,0.00,0,0
1535660511,s2,0.00,0.00,0.00,0,0,0.00,0.00,0.00,0,0,0.00,0.00,0,0
1535660511,s1-eth2,148666.00,6086280.00,6234946.00,6086280,148666,2009.00,4020.00,6029.00,4020,2009,0.00,0.00,0,0
1535660511,s1-eth1,6083252.00,148592.00,6231844.00,148592,6083252,4018.00,2008.00,6026.00,2008,4018,0.00,0.00,0,0
1535660511,s3,0.00,0.00,0.00,0,0,0.00,0.00,0.00,0,0,0.00,0.00,0,0
1535660511,s2-eth2,148592.00,6087794.00,6236386.00,6087794,148592,2008.00,4021.00,6029.00,4021,2008,0.00,0.00,0,0
1535660511,s2-eth1,6084766.00,148666.00,6233432.00,148666,6084766,4019.00,2009.00,6028.00,2009,4019,0.00,0.00,0,0
1535660511,lo,0.00,0.00,0.00,0,0,0.00,0.00,0.00,0,0,0.00,0.00,0,0
1535660511,s3-eth2,147038.00,6089308.00,6236346.00,6089308,147038,1987.00,4022.00,6009.00,4022,1987,0.00,0.00,0,0
1535660511,s3-eth1,6087794.00,148592.00,6236386.00,148592,6087794,4021.00,2008.00,6029.00,2008,4021,0.00,0.00,0,0
1535660511,total,18700108.00,18709232.00,37409340.00,18709232,18700108,18062.00,18088.00,36150.00,18088,18062,0.00,0.00,0,0
1535660512,s1,0.00,0.00,0.00,0,0,0.00,0.00,0.00,0,0,0.00,0.00,0,0
1535660512,eth0,0.00,0.00,0.00,0,0,0.00,0.00,0.00,0,0,0.00,0.00,0,0
1535660512,eth1,0.00,0.00,0.00,0,0,0.00,0.00,0.00,0,0,0.00,0.00,0,0
1535660512,s2,0.00,0.00,0.00,0,0,0.00,0.00,0.00,0,0,0.00,0.00,0,0
1535660512,s1-eth2,62320.00,2352510.00,2414830.00,2352510,62320,842.00,1557.00,2399.00,1557,842,0.00,0.00,0,0
1535660512,s1-eth1,2417612.00,60840.00,2478452.00,60840,2417612,1600.00,822.00,2422.00,822,1600,0.00,0.00,0,0
1535660512,s3,0.00,0.00,0.00,0,0,0.00,0.00,0.00,0,0,0.00,0.00,0,0
1535660512,s2-eth2,63874.00,2287408.00,2351282.00,2287408,63874,863.00,1514.00,2377.00,1514,863,0.00,0.00,0,0
1535660512,s2-eth1,2352510.00,62320.00,2414830.00,62320,2352510,1557.00,842.00,2399.00,842,1557,0.00,0.00,0,0
1535660512,lo,172.00,172.00,344.00,172,172,3.00,3.00,6.00,3,3,0.00,0.00,0,0
1535660512,s3-eth2,65428.00,2222306.00,2287734.00,2222306,65428,884.00,1471.00,2355.00,1471,884,0.00,0.00,0,0
1535660512,s3-eth1,2287408.00,63874.00,2351282.00,63874,2287408,1514.00,863.00,2377.00,863,1514,0.00,0.00,0,0
1535660512,total,7249324.00,7049430.00,14298754.00,7049430,7249324,7263.00,7072.00,14335.00,7072,7263,0.00,0.00,0,0
1535660513,s1,0.00,0.00,0.00,0,0,0.00,0.00,0.00,0,0,0.00,0.00,0,0
1535660513,eth0,0.00,0.00,0.00,0,0,0.00,0.00,0.00,0,0,0.00,0.00,0,0
1535660513,eth1,0.00,0.00,0.00,0,0,0.00,0.00,0.00,0,0,0.00,0.00,0,0
1535660513,s2,0.00,0.00,0.00,0,0,0.00,0.00,0.00,0,0,0.00,0.00,0,0
1535660513,s1-eth2,0.00,0.00,0.00,0,0,0.00,0.00,0.00,0,0,0.00,0.00,0,0
1535660513,s1-eth1,0.00,0.00,0.00,0,0,0.00,0.00,0.00,0,0,0.00,0.00,0,0
1535660513,s3,0.00,0.00,0.00,0,0,0.00,0.00,0.00,0,0,0.00,0.00,0,0
1535660513,s2-eth2,0.00,0.00,0.00,0,0,0.00,0.00,0.00,0,0,0.00,0.00,0,0
1535660513,s2-eth1,0.00,0.00,0.00,0,0,0.00,0.00,0.00,0,0,0.00,0.00,0,0
1535660513,lo,0.00,0.00,0.00,0,0,0.00,0.00,0.00,0,0,0.00,0.00,0,0
1535660513,s3-eth2,342.00,0.00,342.00,0,342,1.00,0.00,1.00,0,1,0.00,0.00,0,0
1535660513,s3-eth1,0.00,0.00,0.00,0,0,0.00,0.00,0.00,0,0,0.00,0.00,0,0
1535660513,total,342.00,0.00,342.00,0,342,1.00,0.00,1.00,0,1,0.00,0.00,0,0
1535660514,s1,0.00,342.00,342.00,342,0,0.00,1.00,1.00,1,0,0.00,0.00,0,0
1535660514,eth0,0.00,0.00,0.00,0,0,0.00,0.00,0.00,0,0,0.00,0.00,0,0
1535660514,eth1,0.00,0.00,0.00,0,0,0.00,0.00,0.00,0,0,0.00,0.00,0,0
1535660514,s2,0.00,342.00,342.00,342,0,0.00,1.00,1.00,1,0,0.00,0.00,0,0
1535660514,s1-eth2,0.00,342.00,342.00,342,0,0.00,1.00,1.00,1,0,0.00,0.00,0,0
1535660514,s1-eth1,342.00,0.00,342.00,0,342,1.00,0.00,1.00,0,1,0.00,0.00,0,0
1535660514,s3,0.00,0.00,0.00,0,0,0.00,0.00,0.00,0,0,0.00,0.00,0,0
1535660514,s2-eth2,0.00,342.00,342.00,342,0,0.00,1.00,1.00,1,0,0.00,0.00,0,0
1535660514,s2-eth1,342.00,0.00,342.00,0,342,1.00,0.00,1.00,0,1,0.00,0.00,0,0
1535660514,lo,652.00,652.00,1304.00,652,652,6.00,6.00,12.00,6,6,0.00,0.00,0,0
1535660514,s3-eth2,0.00,0.00,0.00,0,0,0.00,0.00,0.00,0,0,0.00,0.00,0,0
1535660514,s3-eth1,342.00,0.00,342.00,0,342,1.00,0.00,1.00,0,1,0.00,0.00,0,0
1535660514,total,1678.00,2020.00,3698.00,2020,1678,9.00,10.00,19.00,10,9,0.00,0.00,0,0
1535660515,s1,0.00,0.00,0.00,0,0,0.00,0.00,0.00,0,0,0.00,0.00,0,0
1535660515,eth0,0.00,0.00,0.00,0,0,0.00,0.00,0.00,0,0,0.00,0.00,0,0
1535660515,eth1,0.00,0.00,0.00,0,0,0.00,0.00,0.00,0,0,0.00,0.00,0,0
1535660515,s2,0.00,341.66,341.66,342,0,0.00,1.00,1.00,1,0,0.00,0.00,0,0
1535660515,s1-eth2,341.66,0.00,341.66,0,342,1.00,0.00,1.00,0,1,0.00,0.00,0,0
1535660515,s1-eth1,0.00,0.00,0.00,0,0,0.00,0.00,0.00,0,0,0.00,0.00,0,0
1535660515,s3,0.00,341.66,341.66,342,0,0.00,1.00,1.00,1,0,0.00,0.00,0,0
1535660515,s2-eth2,341.66,0.00,341.66,0,342,1.00,0.00,1.00,0,1,0.00,0.00,0,0
1535660515,s2-eth1,0.00,341.66,341.66,342,0,0.00,1.00,1.00,1,0,0.00,0.00,0,0
1535660515,lo,651.35,651.35,1302.70,652,652,5.99,5.99,11.99,6,6,0.00,0.00,0,0
1535660515,s3-eth2,341.66,0.00,341.66,0,342,1.00,0.00,1.00,0,1,0.00,0.00,0,0
1535660515,s3-eth1,0.00,341.66,341.66,342,0,0.00,1.00,1.00,1,0,0.00,0.00,0,0
1535660515,total,1676.32,2017.98,3694.31,2020,1678,8.99,9.99,18.98,10,9,0.00,0.00,0,0
1535660516,s1,0.00,0.00,0.00,0,0,0.00,0.00,0.00,0,0,0.00,0.00,0,0
1535660516,eth0,0.00,0.00,0.00,0,0,0.00,0.00,0.00,0,0,0.00,0.00,0,0
1535660516,eth1,0.00,0.00,0.00,0,0,0.00,0.00,0.00,0,0,0.00,0.00,0,0
1535660516,s2,0.00,0.00,0.00,0,0,0.00,0.00,0.00,0,0,0.00,0.00,0,0
1535660516,s1-eth2,0.00,0.00,0.00,0,0,0.00,0.00,0.00,0,0,0.00,0.00,0,0
1535660516,s1-eth1,0.00,0.00,0.00,0,0,0.00,0.00,0.00,0,0,0.00,0.00,0,0
1535660516,s3,0.00,0.00,0.00,0,0,0.00,0.00,0.00,0,0,0.00,0.00,0,0
1535660516,s2-eth2,0.00,0.00,0.00,0,0,0.00,0.00,0.00,0,0,0.00,0.00,0,0
1535660516,s2-eth1,0.00,0.00,0.00,0,0,0.00,0.00,0.00,0,0,0.00,0.00,0,0
1535660516,lo,0.00,0.00,0.00,0,0,0.00,0.00,0.00,0,0,0.00,0.00,0,0
1535660516,s3-eth2,0.00,0.00,0.00,0,0,0.00,0.00,0.00,0,0,0.00,0.00,0,0
1535660516,s3-eth1,0.00,0.00,0.00,0,0,0.00,0.00,0.00,0,0,0.00,0.00,0,0
1535660516,total,0.00,0.00,0.00,0,0,0.00,0.00,0.00,0,0,0.00,0.00,0,0
1535660517,s1,0.00,0.00,0.00,0,0,0.00,0.00,0.00,0,0,0.00,0.00,0,0
1535660517,eth0,0.00,0.00,0.00,0,0,0.00,0.00,0.00,0,0,0.00,0.00,0,0
1535660517,eth1,0.00,0.00,0.00,0,0,0.00,0.00,0.00,0,0,0.00,0.00,0,0
1535660517,s2,0.00,0.00,0.00,0,0,0.00,0.00,0.00,0,0,0.00,0.00,0,0
1535660517,s1-eth2,0.00,0.00,0.00,0,0,0.00,0.00,0.00,0,0,0.00,0.00,0,0
1535660517,s1-eth1,0.00,0.00,0.00,0,0,0.00,0.00,0.00,0,0,0.00,0.00,0,0
1535660517,s3,0.00,0.00,0.00,0,0,0.00,0.00,0.00,0,0,0.00,0.00,0,0
1535660517,s2-eth2,0.00,0.00,0.00,0,0,0.00,0.00,0.00,0,0,0.00,0.00,0,0
1535660517,s2-eth1,0.00,0.00,0.00,0,0,0.00,0.00,0.00,0,0,0.00,0.00,0,0
1535660517,lo,0.00,0.00,0.00,0,0,0.00,0.00,0.00,0,0,0.00,0.00,0,0
1535660517,s3-eth2,0.00,0.00,0.00,0,0,0.00,0.00,0.00,0,0,0.00,0.00,0,0
1535660517,s3-eth1,0.00,0.00,0.00,0,0,0.00,0.00,0.00,0,0,0.00,0.00,0,0
1535660517,total,0.00,0.00,0.00,0,0,0.00,0.00,0.00,0,0,0.00,0.00,0,0
1535660518,s1,0.00,0.00,0.00,0,0,0.00,0.00,0.00,0,0,0.00,0.00,0,0
1535660518,eth0,0.00,0.00,0.00,0,0,0.00,0.00,0.00,0,0,0.00,0.00,0,0
1535660518,eth1,0.00,0.00,0.00,0,0,0.00,0.00,0.00,0,0,0.00,0.00,0,0
1535660518,s2,0.00,0.00,0.00,0,0,0.00,0.00,0.00,0,0,0.00,0.00,0,0
1535660518,s1-eth2,0.00,0.00,0.00,0,0,0.00,0.00,0.00,0,0,0.00,0.00,0,0
1535660518,s1-eth1,0.00,0.00,0.00,0,0,0.00,0.00,0.00,0,0,0.00,0.00,0,0
1535660518,s3,0.00,0.00,0.00,0,0,0.00,0.00,0.00,0,0,0.00,0.00,0,0
1535660518,s2-eth2,0.00,0.00,0.00,0,0,0.00,0.00,0.00,0,0,0.00,0.00,0,0
1535660518,s2-eth1,0.00,0.00,0.00,0,0,0.00,0.00,0.00,0,0,0.00,0.00,0,0
1535660518,lo,172.00,172.00,344.00,172,172,3.00,3.00,6.00,3,3,0.00,0.00,0,0
1535660518,s3-eth2,0.00,0.00,0.00,0,0,0.00,0.00,0.00,0,0,0.00,0.00,0,0
1535660518,s3-eth1,0.00,0.00,0.00,0,0,0.00,0.00,0.00,0,0,0.00,0.00,0,0
1535660518,total,172.00,172.00,344.00,172,172,3.00,3.00,6.00,3,3,0.00,0.00,0,0
1535660519,s1,0.00,0.00,0.00,0,0,0.00,0.00,0.00,0,0,0.00,0.00,0,0
1535660519,eth0,0.00,0.00,0.00,0,0,0.00,0.00,0.00,0,0,0.00,0.00,0,0
1535660519,eth1,0.00,85.91,85.91,86,0,0.00,1.00,1.00,1,0,0.00,0.00,0,0
1535660519,s2,0.00,0.00,0.00,0,0,0.00,0.00,0.00,0,0,0.00,0.00,0,0
1535660519,s1-eth2,0.00,0.00,0.00,0,0,0.00,0.00,0.00,0,0,0.00,0.00,0,0
1535660519,s1-eth1,0.00,0.00,0.00,0,0,0.00,0.00,0.00,0,0,0.00,0.00,0,0
1535660519,s3,0.00,341.66,341.66,342,0,0.00,1.00,1.00,1,0,0.00,0.00,0,0
1535660519,s2-eth2,341.66,0.00,341.66,0,342,1.00,0.00,1.00,0,1,0.00,0.00,0,0
1535660519,s2-eth1,0.00,0.00,0.00,0,0,0.00,0.00,0.00,0,0,0.00,0.00,0,0
1535660519,lo,669.33,669.33,1338.66,670,670,8.99,8.99,17.98,9,9,0.00,0.00,0,0
1535660519,s3-eth2,341.66,0.00,341.66,0,342,1.00,0.00,1.00,0,1,0.00,0.00,0,0
1535660519,s3-eth1,0.00,341.66,341.66,342,0,0.00,1.00,1.00,1,0,0.00,0.00,0,0
1535660519,total,1352.65,1438.56,2791.21,1440,1354,10.99,11.99,22.98,12,11,0.00,0.00,0,0
1535660520,s1,0.00,0.00,0.00,0,0,0.00,0.00,0.00,0,0,0.00,0.00,0,0
1535660520,eth0,0.00,0.00,0.00,0,0,0.00,0.00,0.00,0,0,0.00,0.00,0,0
1535660520,eth1,0.00,0.00,0.00,0,0,0.00,0.00,0.00,0,0,0.00,0.00,0,0
1535660520,s2,0.00,0.00,0.00,0,0,0.00,0.00,0.00,0,0,0.00,0.00,0,0
1535660520,s1-eth2,0.00,0.00,0.00,0,0,0.00,0.00,0.00,0,0,0.00,0.00,0,0
1535660520,s1-eth1,0.00,0.00,0.00,0,0,0.00,0.00,0.00,0,0,0.00,0.00,0,0
1535660520,s3,0.00,0.00,0.00,0,0,0.00,0.00,0.00,0,0,0.00,0.00,0,0
1535660520,s2-eth2,0.00,0.00,0.00,0,0,0.00,0.00,0.00,0,0,0.00,0.00,0,0
1535660520,s2-eth1,0.00,0.00,0.00,0,0,0.00,0.00,0.00,0,0,0.00,0.00,0,0
1535660520,lo,0.00,0.00,0.00,0,0,0.00,0.00,0.00,0,0,0.00,0.00,0,0
1535660520,s3-eth2,0.00,0.00,0.00,0,0,0.00,0.00,0.00,0,0,0.00,0.00,0,0
1535660520,s3-eth1,0.00,0.00,0.00,0,0,0.00,0.00,0.00,0,0,0.00,0.00,0,0
1535660520,total,0.00,0.00,0.00,0,0,0.00,0.00,0.00,0,0,0.00,0.00,0,0
1535660521,s1,0.00,432.00,432.00,432,0,0.00,2.00,2.00,2,0,0.00,0.00,0,0
1535660521,eth0,948.00,1894.00,2842.00,1894,948,6.00,5.00,11.00,5,6,0.00,0.